
    NPTTOT    41000
     NNODE 1326
      NDIM    3
   NDDLMAX    6
EVERY_NODE    6
END_NDDL
    DYNAMIC    APPR_NR
     NLOAD    1
   OBLIQUE    0
  COMEBACK    0.0001
      NMAT    1
  ELEMENTS
     SHELL 1260    5
   NGTHICK    8
    NGAREA    2
   NREBARS    0
 END_ELEM
     NODES
      NODE    1         0    -0.075     0.150
      NODE    2     0.000    -0.056     0.150
      NODE    3	    0.000    -0.038     0.150
      NODE    4	    0.000    -0.019     0.150
      NODE    5     0.000     0.000     0.150
      NODE    6     0.000     0.019     0.150
      NODE    7     0.000     0.038     0.150
      NODE    8	    0.000     0.056     0.150
      NODE    9	    0.000     0.075     0.150
      NODE   10	    0.188    -0.075     0.150
      NODE   11	    0.188    -0.056     0.150
      NODE   12	    0.188    -0.038     0.150
      NODE   13	    0.188    -0.019     0.150
      NODE   14	    0.188     0.000     0.150
      NODE   15	    0.188     0.019     0.150
      NODE   16	    0.188     0.038     0.150
      NODE   17	    0.188     0.056     0.150
      NODE   18	    0.188     0.075     0.150
      NODE   19	    0.375    -0.075     0.150
      NODE   20	    0.375    -0.056     0.150
      NODE   21	    0.375    -0.038     0.150
      NODE   22	    0.375    -0.019     0.150
      NODE   23	    0.375     0.000     0.150
      NODE   24	    0.375     0.019     0.150
      NODE   25	    0.375     0.038     0.150
      NODE   26	    0.375     0.056     0.150
      NODE   27	    0.375     0.075     0.150
      NODE   28	    0.563    -0.075     0.150
      NODE   29	    0.563    -0.056     0.150
      NODE   30	    0.563    -0.038     0.150
      NODE   31     0.563    -0.019     0.150
      NODE   32     0.563     0.000     0.150
      NODE   33     0.563     0.019     0.150
      NODE   34     0.563     0.038     0.150
      NODE   35     0.563     0.056     0.150
      NODE   36     0.563     0.075     0.150
      NODE   37     0.750    -0.075     0.150
      NODE   38     0.750    -0.056     0.150
      NODE   39     0.750    -0.038     0.150
      NODE   40     0.750    -0.019     0.150
      NODE   41     0.750     0.000     0.150
      NODE   42     0.750     0.019     0.150
      NODE   43     0.750     0.038     0.150
      NODE   44     0.750     0.056     0.150
      NODE   45     0.750     0.075     0.150
      NODE   46     0.938    -0.075     0.150
      NODE   47     0.938    -0.056     0.150
      NODE   48     0.938    -0.038     0.150
      NODE   49     0.938    -0.019     0.150
      NODE   50     0.938     0.000     0.150
      NODE   51     0.938     0.019     0.150
      NODE   52     0.938     0.038     0.150
      NODE   53     0.938     0.056     0.150
      NODE   54     0.938     0.075     0.150
      NODE   55     1.125    -0.075     0.150
      NODE   56     1.125    -0.056     0.150
      NODE   57     1.125    -0.038     0.150
      NODE   58     1.125    -0.019     0.150
      NODE   59     1.125     0.000     0.150
      NODE   60     1.125     0.019     0.150
      NODE   61     1.125     0.038     0.150
      NODE   62     1.125     0.056     0.150
      NODE   63     1.125     0.075     0.150
      NODE   64     1.313    -0.075     0.150
      NODE   65     1.313    -0.056     0.150
      NODE   66     1.313    -0.038     0.150
      NODE   67     1.313    -0.019     0.150
      NODE   68     1.313     0.000     0.150
      NODE   69     1.313     0.019     0.150
      NODE   70     1.313     0.038     0.150
      NODE   71     1.313     0.056     0.150
      NODE   72     1.313     0.075     0.150
      NODE   73     1.500    -0.075     0.150
      NODE   74     1.500    -0.056     0.150
      NODE   75     1.500    -0.038     0.150
      NODE   76     1.500    -0.019     0.150
      NODE   77     1.500     0.000     0.150
      NODE   78     1.500     0.019     0.150
      NODE   79     1.500     0.038     0.150
      NODE   80     1.500     0.056     0.150
      NODE   81     1.500     0.075     0.150
      NODE   82     1.688    -0.075     0.150
      NODE   83     1.688    -0.056     0.150
      NODE   84     1.688    -0.038     0.150
      NODE   85     1.688    -0.019     0.150
      NODE   86     1.688     0.000     0.150
      NODE   87     1.688     0.019     0.150
      NODE   88     1.688     0.038     0.150
      NODE   89     1.688     0.056     0.150
      NODE   90     1.688     0.075     0.150
      NODE   91     1.875    -0.075     0.150
      NODE   92     1.875    -0.056     0.150
      NODE   93     1.875    -0.038     0.150
      NODE   94     1.875    -0.019     0.150
      NODE   95     1.875     0.000     0.150
      NODE   96     1.875     0.019     0.150
      NODE   97     1.875     0.038     0.150
      NODE   98     1.875     0.056     0.150
      NODE   99     1.875     0.075     0.150
      NODE  100     2.063    -0.075     0.150
      NODE  101     2.063    -0.056     0.150
      NODE  102     2.063    -0.038     0.150
      NODE  103     2.063    -0.019     0.150
      NODE  104     2.063     0.000     0.150
      NODE  105     2.063     0.019     0.150
      NODE  106     2.063     0.038     0.150
      NODE  107     2.063     0.056     0.150
      NODE  108     2.063     0.075     0.150
      NODE  109     2.250    -0.075     0.150
      NODE  110     2.250    -0.056     0.150
      NODE  111     2.250    -0.038     0.150
      NODE  112     2.250    -0.019     0.150
      NODE  113     2.250     0.000     0.150
      NODE  114     2.250     0.019     0.150
      NODE  115     2.250     0.038     0.150
      NODE  116     2.250     0.056     0.150
      NODE  117     2.250     0.075     0.150
      NODE  118     2.438    -0.075     0.150
      NODE  119     2.438    -0.056     0.150
      NODE  120     2.438    -0.038     0.150
      NODE  121     2.438    -0.019     0.150
      NODE  122     2.438     0.000     0.150
      NODE  123     2.438     0.019     0.150
      NODE  124     2.438     0.038     0.150
      NODE  125     2.438     0.056     0.150
      NODE  126     2.438     0.075     0.150
      NODE  127     2.625    -0.075     0.150
      NODE  128     2.625    -0.056     0.150
      NODE  129     2.625    -0.038     0.150
      NODE  130     2.625    -0.019     0.150
      NODE  131     2.625     0.000     0.150
      NODE  132     2.625     0.019     0.150
      NODE  133     2.625     0.038     0.150
      NODE  134     2.625     0.056     0.150
      NODE  135     2.625     0.075     0.150
      NODE  136     2.813    -0.075     0.150
      NODE  137     2.813    -0.056     0.150
      NODE  138     2.813    -0.038     0.150
      NODE  139     2.813    -0.019     0.150
      NODE  140     2.813     0.000     0.150
      NODE  141     2.813     0.019     0.150
      NODE  142     2.813     0.038     0.150
      NODE  143     2.813     0.056     0.150
      NODE  144     2.813     0.075     0.150
      NODE  145     3.000    -0.075     0.150
      NODE  146     3.000    -0.056     0.150
      NODE  147     3.000    -0.038     0.150
      NODE  148     3.000    -0.019     0.150
      NODE  149     3.000     0.000     0.150
      NODE  150     3.000     0.019     0.150
      NODE  151     3.000     0.038     0.150
      NODE  152     3.000     0.056     0.150
      NODE  153     3.000     0.075     0.150
      NODE  154     0.000    -0.075    -0.150
      NODE  155     0.000    -0.056    -0.150
      NODE  156     0.000    -0.038    -0.150
      NODE  157     0.000    -0.019    -0.150
      NODE  158     0.000     0.000    -0.150
      NODE  159     0.000     0.019    -0.150
      NODE  160     0.000     0.038    -0.150
      NODE  161     0.000     0.056    -0.150
      NODE  162     0.000     0.075    -0.150
      NODE  163     0.188    -0.075    -0.150
      NODE  164     0.188    -0.056    -0.150
      NODE  165     0.188    -0.038    -0.150
      NODE  166     0.188    -0.019    -0.150
      NODE  167     0.188     0.000    -0.150
      NODE  168     0.188     0.019    -0.150
      NODE  169     0.188     0.038    -0.150
      NODE  170     0.188     0.056    -0.150
      NODE  171     0.188     0.075    -0.150
      NODE  172     0.375    -0.075    -0.150
      NODE  173     0.375    -0.056    -0.150
      NODE  174     0.375    -0.038    -0.150
      NODE  175     0.375    -0.019    -0.150
      NODE  176     0.375     0.000    -0.150
      NODE  177     0.375     0.019    -0.150
      NODE  178     0.375     0.038    -0.150
      NODE  179     0.375     0.056    -0.150
      NODE  180     0.375     0.075    -0.150
      NODE  181     0.563    -0.075    -0.150
      NODE  182     0.563    -0.056    -0.150
      NODE  183     0.563    -0.038    -0.150
      NODE  184     0.563    -0.019    -0.150
      NODE  185     0.563     0.000    -0.150
      NODE  186     0.563     0.019    -0.150
      NODE  187     0.563     0.038    -0.150
      NODE  188     0.563     0.056    -0.150
      NODE  189     0.563     0.075    -0.150
      NODE  190     0.750    -0.075    -0.150
      NODE  191     0.750    -0.056    -0.150
      NODE  192     0.750    -0.038    -0.150
      NODE  193     0.750    -0.019    -0.150
      NODE  194     0.750     0.000    -0.150
      NODE  195     0.750     0.019    -0.150
      NODE  196     0.750     0.038    -0.150
      NODE  197     0.750     0.056    -0.150
      NODE  198     0.750     0.075    -0.150
      NODE  199     0.938    -0.075    -0.150
      NODE  200     0.938    -0.056    -0.150
      NODE  201     0.938    -0.038    -0.150
      NODE  202     0.938    -0.019    -0.150
      NODE  203     0.938     0.000    -0.150
      NODE  204     0.938     0.019    -0.150
      NODE  205     0.938     0.038    -0.150
      NODE  206     0.938     0.056    -0.150
      NODE  207     0.938     0.075    -0.150
      NODE  208     1.125    -0.075    -0.150
      NODE  209     1.125    -0.056    -0.150
      NODE  210     1.125    -0.038    -0.150
      NODE  211     1.125    -0.019    -0.150
      NODE  212     1.125     0.000    -0.150
      NODE  213     1.125     0.019    -0.150
      NODE  214     1.125     0.038    -0.150
      NODE  215     1.125     0.056    -0.150
      NODE  216     1.125     0.075    -0.150
      NODE  217     1.313    -0.075    -0.150
      NODE  218     1.313    -0.056    -0.150
      NODE  219     1.313    -0.038    -0.150
      NODE  220     1.313    -0.019    -0.150
      NODE  221     1.313     0.000    -0.150
      NODE  222     1.313     0.019    -0.150
      NODE  223     1.313     0.038    -0.150
      NODE  224     1.313     0.056    -0.150
      NODE  225     1.313     0.075    -0.150
      NODE  226     1.500    -0.075    -0.150
      NODE  227     1.500    -0.056    -0.150
      NODE  228     1.500    -0.038    -0.150
      NODE  229     1.500    -0.019    -0.150
      NODE  230     1.500     0.000    -0.150
      NODE  231     1.500     0.019    -0.150
      NODE  232     1.500     0.038    -0.150
      NODE  233     1.500     0.056    -0.150
      NODE  234     1.500     0.075    -0.150
      NODE  235     1.688    -0.075    -0.150
      NODE  236     1.688    -0.056    -0.150
      NODE  237     1.688    -0.038    -0.150
      NODE  238     1.688    -0.019    -0.150
      NODE  239     1.688     0.000    -0.150
      NODE  240     1.688     0.019    -0.150
      NODE  241     1.688     0.038    -0.150
      NODE  242     1.688     0.056    -0.150
      NODE  243     1.688     0.075    -0.150
      NODE  244     1.875    -0.075    -0.150
      NODE  245     1.875    -0.056    -0.150
      NODE  246     1.875    -0.038    -0.150
      NODE  247     1.875    -0.019    -0.150
      NODE  248     1.875     0.000    -0.150
      NODE  249     1.875     0.019    -0.150
      NODE  250     1.875     0.038    -0.150
      NODE  251     1.875     0.056    -0.150
      NODE  252     1.875     0.075    -0.150
      NODE  253     2.063    -0.075    -0.150
      NODE  254     2.063    -0.056    -0.150
      NODE  255     2.063    -0.038    -0.150
      NODE  256     2.063    -0.019    -0.150
      NODE  257     2.063     0.000    -0.150
      NODE  258     2.063     0.019    -0.150
      NODE  259     2.063     0.038    -0.150
      NODE  260     2.063     0.056    -0.150
      NODE  261     2.063     0.075    -0.150
      NODE  262     2.250    -0.075    -0.150
      NODE  263     2.250    -0.056    -0.150
      NODE  264     2.250    -0.038    -0.150
      NODE  265     2.250    -0.019    -0.150
      NODE  266     2.250     0.000    -0.150
      NODE  267     2.250     0.019    -0.150
      NODE  268     2.250     0.038    -0.150
      NODE  269     2.250     0.056    -0.150
      NODE  270     2.250     0.075    -0.150
      NODE  271     2.438    -0.075    -0.150
      NODE  272     2.438    -0.056    -0.150
      NODE  273     2.438    -0.038    -0.150
      NODE  274     2.438    -0.019    -0.150
      NODE  275     2.438     0.000    -0.150
      NODE  276     2.438     0.019    -0.150
      NODE  277     2.438     0.038    -0.150
      NODE  278     2.438     0.056    -0.150
      NODE  279     2.438     0.075    -0.150
      NODE  280     2.625    -0.075    -0.150
      NODE  281     2.625    -0.056    -0.150
      NODE  282     2.625    -0.038    -0.150
      NODE  283     2.625    -0.019    -0.150
      NODE  284     2.625     0.000    -0.150
      NODE  285     2.625     0.019    -0.150
      NODE  286     2.625     0.038    -0.150
      NODE  287     2.625     0.056    -0.150
      NODE  288     2.625     0.075    -0.150
      NODE  289     2.813    -0.075    -0.150
      NODE  290     2.813    -0.056    -0.150
      NODE  291     2.813    -0.038    -0.150
      NODE  292     2.813    -0.019    -0.150
      NODE  293     2.813     0.000    -0.150
      NODE  294     2.813     0.019    -0.150
      NODE  295     2.813     0.038    -0.150
      NODE  296     2.813     0.056    -0.150
      NODE  297     2.813     0.075    -0.150
      NODE  298     3.000    -0.075    -0.150
      NODE  299     3.000    -0.056    -0.150
      NODE  300     3.000    -0.038    -0.150
      NODE  301     3.000    -0.019    -0.150
      NODE  302     3.000     0.000    -0.150
      NODE  303     3.000     0.019    -0.150
      NODE  304     3.000     0.038    -0.150
      NODE  305     3.000     0.056    -0.150
      NODE  306     3.000     0.075    -0.150
      NODE  307     0.000     0.000     0.113
      NODE  308     0.000     0.000     0.075
      NODE  309     0.000     0.000     0.038
      NODE  310     0.000     0.000     0.000
      NODE  311     0.000     0.000    -0.038
      NODE  312     0.000     0.000    -0.075
      NODE  313     0.000     0.000    -0.113
      NODE  314     0.188     0.000     0.113
      NODE  315     0.188     0.000     0.075
      NODE  316     0.188     0.000     0.038
      NODE  317     0.188     0.000     0.000
      NODE  318     0.188     0.000    -0.038
      NODE  319     0.188     0.000    -0.075
      NODE  320     0.188     0.000    -0.113
      NODE  321     0.375     0.000     0.113
      NODE  322     0.375     0.000     0.075
      NODE  323     0.375     0.000     0.038
      NODE  324     0.375     0.000     0.000
      NODE  325     0.375     0.000    -0.038
      NODE  326     0.375     0.000    -0.075
      NODE  327     0.375     0.000    -0.113
      NODE  328     0.563     0.000     0.113
      NODE  329     0.563     0.000     0.075
      NODE  330     0.563     0.000     0.038
      NODE  331     0.563     0.000     0.000
      NODE  332     0.563     0.000    -0.038
      NODE  333     0.563     0.000    -0.075
      NODE  334     0.563     0.000    -0.113
      NODE  335     0.750     0.000     0.113
      NODE  336     0.750     0.000     0.075
      NODE  337     0.750     0.000     0.038
      NODE  338     0.750     0.000     0.000
      NODE  339     0.750     0.000    -0.038
      NODE  340     0.750     0.000    -0.075
      NODE  341     0.750     0.000    -0.113
      NODE  342     0.938     0.000     0.113
      NODE  343     0.938     0.000     0.075
      NODE  344     0.938     0.000     0.038
      NODE  345     0.938     0.000     0.000
      NODE  346     0.938     0.000    -0.038
      NODE  347     0.938     0.000    -0.075
      NODE  348     0.938     0.000    -0.113
      NODE  349     1.125     0.000     0.113
      NODE  350     1.125     0.000     0.075
      NODE  351     1.125     0.000     0.038
      NODE  352     1.125     0.000     0.000
      NODE  353     1.125     0.000    -0.038
      NODE  354     1.125     0.000    -0.075
      NODE  355     1.125     0.000    -0.113
      NODE  356     1.313     0.000     0.113
      NODE  357     1.313     0.000     0.075
      NODE  358     1.313     0.000     0.038
      NODE  359     1.313     0.000     0.000
      NODE  360     1.313     0.000    -0.038
      NODE  361     1.313     0.000    -0.075
      NODE  362     1.313     0.000    -0.113
      NODE  363     1.500     0.000     0.113
      NODE  364     1.500     0.000     0.075
      NODE  365     1.500     0.000     0.038
      NODE  366     1.500     0.000     0.000
      NODE  367     1.500     0.000    -0.038
      NODE  368     1.500     0.000    -0.075
      NODE  369     1.500     0.000    -0.113
      NODE  370     1.688     0.000     0.113
      NODE  371     1.688     0.000     0.075
      NODE  372     1.688     0.000     0.038
      NODE  373     1.688     0.000     0.000
      NODE  374     1.688     0.000    -0.038
      NODE  375     1.688     0.000    -0.075
      NODE  376     1.688     0.000    -0.113
      NODE  377     1.875     0.000     0.113
      NODE  378     1.875     0.000     0.075
      NODE  379     1.875     0.000     0.038
      NODE  380     1.875     0.000     0.000
      NODE  381     1.875     0.000    -0.038
      NODE  382     1.875     0.000    -0.075
      NODE  383     1.875     0.000    -0.113
      NODE  384     2.063     0.000     0.113
      NODE  385     2.063     0.000     0.075
      NODE  386     2.063     0.000     0.038
      NODE  387     2.063     0.000     0.000
      NODE  388     2.063     0.000    -0.038
      NODE  389     2.063     0.000    -0.075
      NODE  390     2.063     0.000    -0.113
      NODE  391     2.250     0.000     0.113
      NODE  392     2.250     0.000     0.075
      NODE  393     2.250     0.000     0.038
      NODE  394     2.250     0.000     0.000
      NODE  395     2.250     0.000    -0.038
      NODE  396     2.250     0.000    -0.075
      NODE  397     2.250     0.000    -0.113
      NODE  398     2.438     0.000     0.113
      NODE  399     2.438     0.000     0.075
      NODE  400     2.438     0.000     0.038
      NODE  401     2.438     0.000     0.000
      NODE  402     2.438     0.000    -0.038
      NODE  403     2.438     0.000    -0.075
      NODE  404     2.438     0.000    -0.113
      NODE  405     2.625     0.000     0.113
      NODE  406     2.625     0.000     0.075
      NODE  407     2.625     0.000     0.038
      NODE  408     2.625     0.000     0.000
      NODE  409     2.625     0.000    -0.038
      NODE  410     2.625     0.000    -0.075
      NODE  411     2.625     0.000    -0.113
      NODE  412     2.813     0.000     0.113
      NODE  413     2.813     0.000     0.075
      NODE  414     2.813     0.000     0.038
      NODE  415     2.813     0.000     0.000
      NODE  416     2.813     0.000    -0.038
      NODE  417     2.813     0.000    -0.075
      NODE  418     2.813     0.000    -0.113
      NODE  419     3.000     0.000     0.113
      NODE  420     3.000     0.000     0.075
      NODE  421     3.000     0.000     0.038
      NODE  422     3.000     0.000     0.000
      NODE  423     3.000     0.000    -0.038
      NODE  424     3.000     0.000    -0.075
      NODE  425     3.000     0.000    -0.113
      NODE  426     0.000    -0.150     0.850
      NODE  427     0.000    -0.113     0.850
      NODE  428     0.000    -0.075     0.850
      NODE  429     0.000    -0.056     0.850
      NODE  430     0.000    -0.038     0.850
      NODE  431     0.000    -0.019     0.850
      NODE  432     0.000     0.000     0.850
      NODE  433     0.000     0.019     0.850
      NODE  434     0.000     0.038     0.850
      NODE  435     0.000     0.056     0.850
      NODE  436     0.000     0.075     0.850
      NODE  437     0.000     0.113     0.850
      NODE  438     0.000     0.150     0.850
      NODE  439     0.000    -0.150     0.750
      NODE  440     0.000    -0.113     0.750
      NODE  441     0.000    -0.075     0.750
      NODE  442     0.000    -0.056     0.750
      NODE  443     0.000    -0.038     0.750
      NODE  444     0.000    -0.019     0.750
      NODE  445     0.000     0.000     0.750
      NODE  446     0.000     0.019     0.750
      NODE  447     0.000     0.038     0.750
      NODE  448     0.000     0.056     0.750
      NODE  449     0.000     0.075     0.750
      NODE  450     0.000     0.113     0.750
      NODE  451     0.000     0.150     0.750
      NODE  452     0.000    -0.150     0.650
      NODE  453     0.000    -0.113     0.650
      NODE  454     0.000    -0.075     0.650
      NODE  455     0.000    -0.056     0.650
      NODE  456     0.000    -0.038     0.650
      NODE  457     0.000    -0.019     0.650
      NODE  458     0.000     0.000     0.650
      NODE  459     0.000     0.019     0.650
      NODE  460     0.000     0.038     0.650
      NODE  461     0.000     0.056     0.650
      NODE  462     0.000     0.075     0.650
      NODE  463     0.000     0.113     0.650
      NODE  464     0.000     0.150     0.650
      NODE  465     0.000    -0.150     0.550
      NODE  466     0.000    -0.113     0.550
      NODE  467     0.000    -0.075     0.550
      NODE  468     0.000    -0.056     0.550
      NODE  469     0.000    -0.038     0.550
      NODE  470     0.000    -0.019     0.550
      NODE  471     0.000     0.000     0.550
      NODE  472     0.000     0.019     0.550
      NODE  473     0.000     0.038     0.550
      NODE  474     0.000     0.056     0.550
      NODE  475     0.000     0.075     0.550
      NODE  476     0.000     0.113     0.550
      NODE  477     0.000     0.150     0.550
      NODE  478     0.000    -0.150     0.450
      NODE  479     0.000    -0.113     0.450
      NODE  480     0.000    -0.075     0.450
      NODE  481     0.000    -0.056     0.450
      NODE  482     0.000    -0.038     0.450
      NODE  483     0.000    -0.019     0.450
      NODE  484     0.000     0.000     0.450
      NODE  485     0.000     0.019     0.450
      NODE  486     0.000     0.038     0.450
      NODE  487     0.000     0.056     0.450
      NODE  488     0.000     0.075     0.450
      NODE  489     0.000     0.113     0.450
      NODE  490     0.000     0.150     0.450
      NODE  491     0.000    -0.150     0.350
      NODE  492     0.000    -0.113     0.350
      NODE  493     0.000    -0.075     0.350
      NODE  494     0.000    -0.056     0.350
      NODE  495     0.000    -0.038     0.350
      NODE  496     0.000    -0.019    	0.350
      NODE  497     0.000     0.000     0.350
      NODE  498     0.000     0.019     0.350
      NODE  499     0.000     0.038     0.350
      NODE  500     0.000     0.056     0.350
      NODE  501     0.000     0.075     0.350
      NODE  502     0.000     0.113     0.350
      NODE  503     0.000     0.150     0.350
      NODE  504     0.000    -0.150     0.250
      NODE  505     0.000    -0.113     0.250
      NODE  506     0.000    -0.075     0.250
      NODE  507     0.000    -0.056     0.250
      NODE  508     0.000    -0.038     0.250
      NODE  509     0.000    -0.019     0.250
      NODE  510     0.000     0.000     0.250
      NODE  511     0.000     0.019     0.250
      NODE  512     0.000     0.038     0.250
      NODE  513     0.000     0.056     0.250
      NODE  514     0.000     0.075     0.250
      NODE  515     0.000     0.113     0.250
      NODE  516     0.000     0.150     0.250
      NODE  517     0.000    -0.150     0.150
      NODE  518     0.000    -0.113     0.150
      NODE  519     0.000     0.113     0.150
      NODE  520     0.000     0.150     0.150
      NODE  521     0.000    -0.150     0.113
      NODE  522     0.000    -0.113     0.113
      NODE  523     0.000    -0.075     0.113
      NODE  524     0.000    -0.056     0.113
      NODE  525     0.000    -0.038     0.113
      NODE  526     0.000    -0.019     0.113
      NODE  527     0.000     0.019     0.113
      NODE  528     0.000     0.038     0.113
      NODE  529     0.000     0.056     0.113
      NODE  530     0.000     0.075     0.113
      NODE  531     0.000     0.113     0.113
      NODE  532     0.000     0.150     0.113
      NODE  533     0.000    -0.150     0.075
      NODE  534     0.000    -0.113     0.075
      NODE  535     0.000    -0.075     0.075
      NODE  536     0.000    -0.056     0.075
      NODE  537     0.000    -0.038     0.075
      NODE  538     0.000    -0.019     0.075
      NODE  539     0.000     0.019     0.075
      NODE  540     0.000     0.038     0.075
      NODE  541     0.000     0.056     0.075
      NODE  542     0.000     0.075     0.075
      NODE  543     0.000     0.113     0.075
      NODE  544     0.000     0.150     0.075
      NODE  545     0.000    -0.150     0.038
      NODE  546     0.000    -0.113     0.038
      NODE  547     0.000    -0.075     0.038
      NODE  548     0.000    -0.056     0.038
      NODE  549     0.000    -0.038     0.038
      NODE  550     0.000    -0.019     0.038
      NODE  551     0.000     0.019     0.038
      NODE  552     0.000     0.038     0.038
      NODE  553     0.000     0.056     0.038
      NODE  554     0.000     0.075     0.038
      NODE  555     0.000     0.113     0.038
      NODE  556     0.000     0.150     0.038
      NODE  557     0.000    -0.150     0.000
      NODE  558     0.000    -0.113     0.000
      NODE  559     0.000    -0.075     0.000
      NODE  560     0.000    -0.056     0.000
      NODE  561     0.000    -0.038     0.000
      NODE  562     0.000    -0.019     0.000
      NODE  563     0.000     0.019     0.000
      NODE  564     0.000     0.038     0.000
      NODE  565     0.000     0.056     0.000
      NODE  566     0.000     0.075     0.000
      NODE  567     0.000     0.113     0.000
      NODE  568     0.000     0.150     0.000
      NODE  569     0.000    -0.150    -0.038
      NODE  570     0.000    -0.113    -0.038
      NODE  571     0.000    -0.075    -0.038
      NODE  572     0.000    -0.056    -0.038
      NODE  573     0.000    -0.038    -0.038
      NODE  574     0.000    -0.019    -0.038
      NODE  575     0.000     0.019    -0.038
      NODE  576     0.000     0.038    -0.038
      NODE  577     0.000     0.056    -0.038
      NODE  578     0.000     0.075    -0.038
      NODE  579     0.000     0.113    -0.038
      NODE  580     0.000     0.150    -0.038
      NODE  581     0.000    -0.150    -0.075
      NODE  582     0.000    -0.113    -0.075
      NODE  583     0.000    -0.075    -0.075
      NODE  584     0.000    -0.056    -0.075
      NODE  585     0.000    -0.038    -0.075
      NODE  586     0.000    -0.019    -0.075
      NODE  587     0.000     0.019    -0.075
      NODE  588     0.000     0.038    -0.075
      NODE  589     0.000     0.056    -0.075
      NODE  590     0.000     0.075    -0.075
      NODE  591     0.000     0.113    -0.075
      NODE  592     0.000     0.150    -0.075
      NODE  593     0.000    -0.150    -0.113
      NODE  594     0.000    -0.113    -0.113
      NODE  595     0.000    -0.075    -0.113
      NODE  596     0.000    -0.056    -0.113
      NODE  597     0.000    -0.038    -0.113
      NODE  598     0.000    -0.019    -0.113
      NODE  599     0.000     0.019    -0.113
      NODE  600     0.000     0.038    -0.113
      NODE  601     0.000     0.056    -0.113
      NODE  602     0.000     0.075    -0.113
      NODE  603     0.000     0.113    -0.113
      NODE  604     0.000     0.150    -0.113
      NODE  605     0.000    -0.150    -0.150
      NODE  606     0.000    -0.113    -0.150
      NODE  607     0.000     0.113    -0.150
      NODE  608     0.000     0.150    -0.150
      NODE  609     0.000    -0.150    -0.200
      NODE  610     0.000    -0.113    -0.200
      NODE  611     0.000    -0.075    -0.200
      NODE  612     0.000    -0.056    -0.200
      NODE  613     0.000    -0.038    -0.200
      NODE  614     0.000    -0.019    -0.200
      NODE  615     0.000     0.000    -0.200
      NODE  616     0.000     0.019    -0.200
      NODE  617     0.000     0.038    -0.200
      NODE  618     0.000     0.056    -0.200
      NODE  619     0.000     0.075    -0.200
      NODE  620     0.000     0.113    -0.200
      NODE  621     0.000     0.150    -0.200
      NODE  622     0.000    -0.150    -0.300
      NODE  623     0.000    -0.113    -0.300
      NODE  624     0.000    -0.075    -0.300
      NODE  625     0.000    -0.056    -0.300
      NODE  626     0.000    -0.038    -0.300
      NODE  627     0.000    -0.019    -0.300
      NODE  628     0.000     0.000    -0.300
      NODE  629     0.000     0.019    -0.300
      NODE  630     0.000     0.038    -0.300
      NODE  631     0.000     0.056    -0.300
      NODE  632     0.000     0.075    -0.300
      NODE  633     0.000     0.113    -0.300
      NODE  634     0.000     0.150    -0.300
      NODE  635     0.000    -0.150    -0.400
      NODE  636     0.000    -0.113    -0.400
      NODE  637     0.000    -0.075    -0.400
      NODE  638     0.000    -0.056    -0.400
      NODE  639     0.000    -0.038    -0.400
      NODE  640     0.000    -0.019    -0.400
      NODE  641     0.000     0.000    -0.400
      NODE  642     0.000     0.019    -0.400
      NODE  643     0.000     0.038    -0.400
      NODE  644     0.000     0.056    -0.400
      NODE  645     0.000     0.075    -0.400
      NODE  646     0.000     0.113    -0.400
      NODE  647     0.000     0.150    -0.400
      NODE  648     0.000    -0.150    -0.500
      NODE  649     0.000    -0.113    -0.500
      NODE  650     0.000    -0.075    -0.500
      NODE  651     0.000    -0.056    -0.500
      NODE  652     0.000    -0.038    -0.500
      NODE  653     0.000    -0.019    -0.500
      NODE  654     0.000     0.000    -0.500
      NODE  655     0.000     0.019    -0.500
      NODE  656     0.000     0.038    -0.500
      NODE  657     0.000     0.056    -0.500
      NODE  658     0.000     0.075    -0.500
      NODE  659     0.000     0.113    -0.500
      NODE  660     0.000     0.150    -0.500
      NODE  661     0.000    -0.150    -0.600
      NODE  662     0.000    -0.113    -0.600
      NODE  663     0.000    -0.075    -0.600
      NODE  664     0.000    -0.056    -0.600
      NODE  665     0.000    -0.038    -0.600
      NODE  666     0.000    -0.019    -0.600
      NODE  667     0.000     0.000    -0.600
      NODE  668     0.000     0.019    -0.600
      NODE  669     0.000     0.038    -0.600
      NODE  670     0.000     0.056    -0.600
      NODE  671     0.000     0.075    -0.600
      NODE  672     0.000     0.113    -0.600
      NODE  673     0.000     0.150    -0.600
      NODE  674     0.000    -0.150    -0.700
      NODE  675     0.000    -0.113    -0.700
      NODE  676     0.000    -0.075    -0.700
      NODE  677     0.000    -0.056    -0.700
      NODE  678     0.000    -0.038    -0.700
      NODE  679     0.000    -0.019    -0.700
      NODE  680     0.000     0.000    -0.700
      NODE  681     0.000     0.019    -0.700
      NODE  682     0.000     0.038    -0.700
      NODE  683     0.000     0.056    -0.700
      NODE  684     0.000     0.075    -0.700
      NODE  685     0.000     0.113    -0.700
      NODE  686     0.000     0.150    -0.700
      NODE  687     0.000    -0.150    -0.800
      NODE  688     0.000    -0.113    -0.800
      NODE  689     0.000    -0.075    -0.800
      NODE  690     0.000    -0.056    -0.800
      NODE  691     0.000    -0.038    -0.800
      NODE  692     0.000    -0.019    -0.800
      NODE  693     0.000     0.000    -0.800
      NODE  694     0.000     0.019    -0.800
      NODE  695     0.000     0.038    -0.800
      NODE  696     0.000     0.056    -0.800
      NODE  697     0.000     0.075    -0.800
      NODE  698     0.000     0.113    -0.800
      NODE  699     0.000     0.150    -0.800
      NODE  700     0.000    -0.150    -0.900
      NODE  701     0.000    -0.113    -0.900
      NODE  702     0.000    -0.075    -0.900
      NODE  703     0.000    -0.056    -0.900
      NODE  704     0.000    -0.038    -0.900
      NODE  705     0.000    -0.019    -0.900
      NODE  706     0.000     0.000    -0.900
      NODE  707     0.000     0.019    -0.900
      NODE  708     0.000     0.038    -0.900
      NODE  709     0.000     0.056    -0.900
      NODE  710     0.000     0.075    -0.900
      NODE  711     0.000     0.113    -0.900
      NODE  712     0.000     0.150    -0.900
      NODE  713     0.000    -0.150    -1.000
      NODE  714     0.000    -0.113    -1.000
      NODE  715     0.000    -0.075    -1.000
      NODE  716     0.000    -0.056    -1.000
      NODE  717     0.000    -0.038    -1.000
      NODE  718     0.000    -0.019    -1.000
      NODE  719     0.000     0.000    -1.000
      NODE  720     0.000     0.019    -1.000
      NODE  721     0.000     0.038    -1.000
      NODE  722     0.000     0.056    -1.000
      NODE  723     0.000     0.075    -1.000
      NODE  724     0.000     0.113    -1.000
      NODE  725     0.000     0.150    -1.000
      NODE  726     0.000    -0.150    -1.100
      NODE  727     0.000    -0.113    -1.100
      NODE  728     0.000    -0.075    -1.100
      NODE  729     0.000    -0.056    -1.100
      NODE  730     0.000    -0.038    -1.100
      NODE  731     0.000    -0.019    -1.100
      NODE  732     0.000     0.000    -1.100
      NODE  733     0.000     0.019    -1.100
      NODE  734     0.000     0.038    -1.100
      NODE  735     0.000     0.056    -1.100
      NODE  736     0.000     0.075    -1.100
      NODE  737     0.000     0.113    -1.100
      NODE  738     0.000     0.150    -1.100
      NODE  739     0.000    -0.150    -1.200
      NODE  740     0.000    -0.113    -1.200
      NODE  741     0.000    -0.075    -1.200
      NODE  742     0.000    -0.056    -1.200
      NODE  743     0.000    -0.038    -1.200
      NODE  744     0.000    -0.019    -1.200
      NODE  745     0.000     0.000    -1.200
      NODE  746     0.000     0.019    -1.200
      NODE  747     0.000     0.038    -1.200
      NODE  748     0.000     0.056    -1.200
      NODE  749     0.000     0.075    -1.200
      NODE  750     0.000     0.113    -1.200
      NODE  751     0.000     0.150    -1.200
      NODE  752     0.000    -0.150    -1.300
      NODE  753     0.000    -0.113    -1.300
      NODE  754     0.000    -0.075    -1.300
      NODE  755     0.000    -0.056    -1.300
      NODE  756     0.000    -0.038    -1.300
      NODE  757     0.000    -0.019    -1.300
      NODE  758     0.000     0.000    -1.300
      NODE  759     0.000     0.019    -1.300
      NODE  760     0.000     0.038    -1.300
      NODE  761     0.000     0.056    -1.300
      NODE  762     0.000     0.075    -1.300
      NODE  763     0.000     0.113    -1.300
      NODE  764     0.000     0.150    -1.300
      NODE  765     0.000    -0.150    -1.400
      NODE  766     0.000    -0.113    -1.400
      NODE  767     0.000    -0.075    -1.400
      NODE  768     0.000    -0.056    -1.400
      NODE  769     0.000    -0.038    -1.400
      NODE  770     0.000    -0.019    -1.400
      NODE  771     0.000     0.000    -1.400
      NODE  772     0.000     0.019    -1.400
      NODE  773     0.000     0.038    -1.400
      NODE  774     0.000     0.056    -1.400
      NODE  775     0.000     0.075    -1.400
      NODE  776     0.000     0.113    -1.400
      NODE  777     0.000     0.150    -1.400
      NODE  778     0.000    -0.150    -1.500
      NODE  779     0.000    -0.113    -1.500
      NODE  780     0.000    -0.075    -1.500
      NODE  781     0.000    -0.056    -1.500
      NODE  782     0.000    -0.038    -1.500
      NODE  783     0.000    -0.019    -1.500
      NODE  784     0.000     0.000    -1.500
      NODE  785     0.000     0.019    -1.500
      NODE  786     0.000     0.038    -1.500
      NODE  787     0.000     0.056    -1.500
      NODE  788     0.000     0.075    -1.500
      NODE  789     0.000     0.113    -1.500
      NODE  790     0.000     0.150    -1.500
      NODE         791  -0.076   0.000    0.850
NODE         792  -0.150   0.000    0.850
NODE         793  -0.226   0.000    0.850
NODE         794  -0.300   0.000    0.850
NODE         795  -0.076   0.000    0.750
NODE         796  -0.150   0.000    0.750
NODE         797  -0.226   0.000    0.750
NODE         798  -0.300   0.000    0.750
NODE         799  -0.076   0.000    0.650
NODE         800  -0.150   0.000    0.650
NODE         801  -0.226   0.000    0.650
NODE         802  -0.300   0.000    0.650
NODE         803  -0.076   0.000    0.550
NODE         804  -0.150   0.000    0.550
NODE         805  -0.226   0.000    0.550
NODE         806  -0.300   0.000    0.550
NODE         807  -0.076   0.000    0.450
NODE         808  -0.150   0.000    0.450
NODE         809  -0.226   0.000    0.450
NODE         810  -0.300   0.000    0.450
NODE         811  -0.076   0.000    0.350
NODE         812  -0.150   0.000    0.350
NODE         813  -0.226   0.000    0.350
NODE         814  -0.300   0.000    0.350
NODE         815  -0.076   0.000    0.250
NODE         816  -0.150   0.000    0.250
NODE         817  -0.226   0.000    0.250
NODE         818  -0.300   0.000    0.250
NODE         819  -0.076   0.000    0.150
NODE         820  -0.150   0.000    0.150
NODE         821  -0.226   0.000    0.150
NODE         822  -0.300   0.000    0.150
NODE         823  -0.076   0.000    0.113
NODE         824  -0.150   0.000    0.113
NODE         825  -0.226   0.000    0.113
NODE         826  -0.300   0.000    0.113
NODE         827  -0.076   0.000    0.075
NODE         828  -0.150   0.000    0.075
NODE         829  -0.226   0.000    0.075
NODE         830  -0.300   0.000    0.075
NODE         831  -0.076   0.000    0.038
NODE         832  -0.150   0.000    0.038
NODE         833  -0.226   0.000    0.038
NODE         834  -0.300   0.000    0.038
NODE         835  -0.076   0.000    0.000
NODE         836  -0.150   0.000    0.000
NODE         837  -0.226   0.000    0.000
NODE         838  -0.300   0.000    0.000
NODE         839  -0.076   0.000   -0.038
NODE         840  -0.150   0.000   -0.038
NODE         841  -0.226   0.000   -0.038
NODE         842  -0.300   0.000   -0.038
NODE         843  -0.076   0.000   -0.075
NODE         844  -0.150   0.000   -0.075
NODE         845  -0.226   0.000   -0.075
NODE         846  -0.300   0.000   -0.075
NODE         847  -0.076   0.000   -0.113
NODE         848  -0.150   0.000   -0.113
NODE         849  -0.226   0.000   -0.113
NODE         850  -0.300   0.000   -0.113
NODE         851  -0.076   0.000   -0.150
NODE         852  -0.150   0.000   -0.150
NODE         853  -0.226   0.000   -0.150
NODE         854  -0.300   0.000   -0.150
NODE         855  -0.076   0.000   -0.200
NODE         856  -0.150   0.000   -0.200
NODE         857  -0.226   0.000   -0.200
NODE         858  -0.300   0.000   -0.200
NODE         859  -0.076   0.000   -0.300
NODE         860  -0.150   0.000   -0.300
NODE         861  -0.226   0.000   -0.300
NODE         862  -0.300   0.000   -0.300
NODE         863  -0.076   0.000   -0.400
NODE         864  -0.150   0.000   -0.400
NODE         865  -0.226   0.000   -0.400
NODE         866  -0.300   0.000   -0.400
NODE         867  -0.076   0.000   -0.500
NODE         868  -0.150   0.000   -0.500
NODE         869  -0.226   0.000   -0.500
NODE         870  -0.300   0.000   -0.500
NODE         871  -0.076   0.000   -0.600
NODE         872  -0.150   0.000   -0.600
NODE         873  -0.226   0.000   -0.600
NODE         874  -0.300   0.000   -0.600
NODE         875  -0.076   0.000   -0.700
NODE         876  -0.150   0.000   -0.700
NODE         877  -0.226   0.000   -0.700
NODE         878  -0.300   0.000   -0.700
NODE         879  -0.076   0.000   -0.800
NODE         880  -0.150   0.000   -0.800
NODE         881  -0.226   0.000   -0.800
NODE         882  -0.300   0.000   -0.800
NODE         883  -0.076   0.000   -0.900
NODE         884  -0.150   0.000   -0.900
NODE         885  -0.226   0.000   -0.900
NODE         886  -0.300   0.000   -0.900
NODE         887  -0.076   0.000   -1.000  
NODE         888  -0.150   0.000   -1.000  
NODE         889  -0.226   0.000   -1.000 
NODE         890  -0.300   0.000   -1.000  
NODE         891  -0.076   0.000   -1.100 
NODE         892  -0.150   0.000   -1.100 
NODE         893  -0.226   0.000   -1.100 
NODE         894  -0.300   0.000   -1.100 
NODE         895  -0.076   0.000   -1.200 
NODE         896  -0.150   0.000   -1.200 
NODE         897  -0.226   0.000   -1.200 
NODE         898  -0.300   0.000   -1.200 
NODE         899  -0.076   0.000   -1.300 
NODE         900  -0.150   0.000   -1.300 
NODE         901  -0.226   0.000   -1.300 
NODE         902  -0.300   0.000   -1.300 
NODE         903  -0.076   0.000   -1.400 
NODE         904  -0.150   0.000   -1.400 
NODE         905  -0.226   0.000   -1.400 
NODE         906  -0.300   0.000   -1.400 
NODE         907  -0.076   0.000   -1.500 
NODE         908  -0.150   0.000   -1.500 
NODE         909  -0.226   0.000   -1.500 
NODE         910  -0.300   0.000   -1.500 
      NODE  911     2.813    -0.075     0.113 
      NODE  912     2.813    -0.056     0.113
      NODE  913     2.813    -0.038     0.113
      NODE  914     2.813    -0.019     0.113
      NODE  915     2.813     0.019     0.113
      NODE  916     2.813     0.038     0.113
      NODE  917     2.813     0.056     0.113
      NODE  918     2.813     0.075     0.113
      NODE  919     2.813    -0.075     0.075 
      NODE  920     2.813    -0.056     0.075
      NODE  921     2.813    -0.038     0.075
      NODE  922     2.813    -0.019     0.075
      NODE  923     2.813     0.019     0.075
      NODE  924     2.813     0.038     0.075
      NODE  925     2.813     0.056     0.075
      NODE  926     2.813     0.075     0.075
      NODE  927     2.813    -0.075     0.038 
      NODE  928     2.813    -0.056     0.038
      NODE  929     2.813    -0.038     0.038
      NODE  930     2.813    -0.019     0.038
      NODE  931     2.813     0.019     0.038
      NODE  932     2.813     0.038     0.038
      NODE  933     2.813     0.056     0.038
      NODE  934     2.813     0.075     0.038
      NODE  935     2.813    -0.075     0.000 
      NODE  936     2.813    -0.056     0.000
      NODE  937     2.813    -0.038     0.000
      NODE  938     2.813    -0.019     0.000
      NODE  939     2.813     0.019     0.000
      NODE  940     2.813     0.038     0.000
      NODE  941     2.813     0.056     0.000
      NODE  942     2.813     0.075     0.000
      NODE  943     2.813    -0.075    -0.038 
      NODE  944     2.813    -0.056    -0.038
      NODE  945     2.813    -0.038    -0.038
      NODE  946     2.813    -0.019    -0.038
      NODE  947     2.813     0.019    -0.038
      NODE  948     2.813     0.038    -0.038
      NODE  949     2.813     0.056    -0.038
      NODE  950     2.813     0.075    -0.038
      NODE  951     2.813    -0.075    -0.075 
      NODE  952     2.813    -0.056    -0.075
      NODE  953     2.813    -0.038    -0.075
      NODE  954     2.813    -0.019    -0.075
      NODE  955     2.813     0.019    -0.075
      NODE  956     2.813     0.038    -0.075
      NODE  957     2.813     0.056    -0.075
      NODE  958     2.813     0.075    -0.075
      NODE  959     2.813    -0.075    -0.113 
      NODE  960     2.813    -0.056    -0.113
      NODE  961     2.813    -0.038    -0.113
      NODE  962     2.813    -0.019    -0.113
      NODE  963     2.813     0.019    -0.113
      NODE  964     2.813     0.038    -0.113
      NODE  965     2.813     0.056    -0.113
      NODE  966     2.813     0.075    -0.113
NODE         967  -0.300  -0.150   0.850
NODE         968  -0.300  -0.113   0.850
NODE         969  -0.300  -0.075   0.850
NODE         970  -0.300  -0.056   0.850
NODE         971  -0.300  -0.038   0.850
NODE         972  -0.300  -0.019   0.850
NODE         973  -0.300   0.019   0.850
NODE         974  -0.300   0.038   0.850
NODE         975  -0.300   0.056   0.850
NODE         976  -0.300   0.075   0.850
NODE         977  -0.300   0.113   0.850
NODE         978  -0.300   0.150   0.850
NODE         979  -0.300  -0.150   0.750
NODE         980  -0.300  -0.113   0.750
NODE         981  -0.300  -0.075   0.750
NODE         982  -0.300  -0.056   0.750
NODE         983  -0.300  -0.038   0.750
NODE         984  -0.300  -0.019   0.750
NODE         985  -0.300   0.019   0.750
NODE         986  -0.300   0.038   0.750
NODE         987  -0.300   0.056   0.750
NODE         988  -0.300   0.075   0.750
NODE         989  -0.300   0.113   0.750
NODE         990  -0.300   0.150   0.750
NODE         991  -0.300  -0.150   0.650
NODE         992  -0.300  -0.113   0.650
NODE         993  -0.300  -0.075   0.650
NODE         994  -0.300  -0.056   0.650
NODE         995  -0.300  -0.038   0.650
NODE         996  -0.300  -0.019   0.650
NODE         997  -0.300   0.019   0.650
NODE         998  -0.300   0.038   0.650
NODE         999  -0.300   0.056   0.650
NODE        1000  -0.300   0.075   0.650
NODE        1001  -0.300   0.113   0.650
NODE        1002  -0.300   0.150   0.650
NODE        1003  -0.300  -0.150   0.550
NODE        1004  -0.300  -0.113   0.550
NODE        1005  -0.300  -0.075   0.550
NODE        1006  -0.300  -0.056   0.550
NODE        1007  -0.300  -0.038   0.550
NODE        1008  -0.300  -0.019   0.550
NODE        1009  -0.300   0.019   0.550
NODE        1010  -0.300   0.038   0.550
NODE        1011  -0.300   0.056   0.550
NODE        1012  -0.300   0.075   0.550
NODE        1013  -0.300   0.113   0.550
NODE        1014  -0.300   0.150   0.550
NODE        1015  -0.300  -0.150   0.450
NODE        1016  -0.300  -0.113   0.450
NODE        1017  -0.300  -0.075   0.450
NODE        1018  -0.300  -0.056   0.450
NODE        1019  -0.300  -0.038   0.450
NODE        1020  -0.300  -0.019   0.450
NODE        1021  -0.300   0.019   0.450
NODE        1022  -0.300   0.038   0.450
NODE        1023  -0.300   0.056   0.450
NODE        1024  -0.300   0.075   0.450
NODE        1025  -0.300   0.113   0.450
NODE        1026  -0.300   0.150   0.450
NODE        1027  -0.300  -0.150   0.350
NODE        1028  -0.300  -0.113   0.350
NODE        1029  -0.300  -0.075   0.350
NODE        1030  -0.300  -0.056   0.350
NODE        1031  -0.300  -0.038   0.350
NODE        1032  -0.300  -0.019   0.350
NODE        1033  -0.300   0.019   0.350
NODE        1034  -0.300   0.038   0.350
NODE        1035  -0.300   0.056   0.350
NODE        1036  -0.300   0.075   0.350
NODE        1037  -0.300   0.113   0.350
NODE        1038  -0.300   0.150   0.350
NODE        1039  -0.300  -0.150   0.250
NODE        1040  -0.300  -0.113   0.250
NODE        1041  -0.300  -0.075   0.250
NODE        1042  -0.300  -0.056   0.250
NODE        1043  -0.300  -0.038   0.250
NODE        1044  -0.300  -0.019   0.250
NODE        1045  -0.300   0.019   0.250
NODE        1046  -0.300   0.038   0.250
NODE        1047  -0.300   0.056   0.250
NODE        1048  -0.300   0.075   0.250
NODE        1049  -0.300   0.113   0.250
NODE        1050  -0.300   0.150   0.250
NODE        1051  -0.300  -0.150   0.150
NODE        1052  -0.300  -0.113   0.150
NODE        1053  -0.300  -0.075   0.150
NODE        1054  -0.300  -0.056   0.150
NODE        1055  -0.300  -0.038   0.150
NODE        1056  -0.300  -0.019   0.150
NODE        1057  -0.300   0.019   0.150
NODE        1058  -0.300   0.038   0.150
NODE        1059  -0.300   0.056   0.150
NODE        1060  -0.300   0.075   0.150
NODE        1061  -0.300   0.113   0.150
NODE        1062  -0.300   0.150   0.150
NODE        1063  -0.300  -0.150   0.113
NODE        1064  -0.300  -0.113   0.113
NODE        1065  -0.300  -0.075   0.113
NODE        1066  -0.300  -0.056   0.113
NODE        1067  -0.300  -0.038   0.113
NODE        1068  -0.300  -0.019   0.113
NODE        1069  -0.300   0.019   0.113
NODE        1070  -0.300   0.038   0.113
NODE        1071  -0.300   0.056   0.113
NODE        1072  -0.300   0.075   0.113
NODE        1073  -0.300   0.113   0.113
NODE        1074  -0.300   0.150   0.113
NODE        1075  -0.300  -0.150   0.075
NODE        1076  -0.300  -0.113   0.075
NODE        1077  -0.300  -0.075   0.075
NODE        1078  -0.300  -0.056   0.075
NODE        1079  -0.300  -0.038   0.075
NODE        1080  -0.300  -0.019   0.075
NODE        1081  -0.300   0.019   0.075
NODE        1082  -0.300   0.038   0.075
NODE        1083  -0.300   0.056   0.075
NODE        1084  -0.300   0.075   0.075
NODE        1085  -0.300   0.113   0.075
NODE        1086  -0.300   0.150   0.075
NODE        1087  -0.300  -0.150   0.038
NODE        1088  -0.300  -0.113   0.038
NODE        1089  -0.300  -0.075   0.038
NODE        1090  -0.300  -0.056   0.038
NODE        1091  -0.300  -0.038   0.038
NODE        1092  -0.300  -0.019   0.038
NODE        1093  -0.300   0.019   0.038
NODE        1094  -0.300   0.038   0.038
NODE        1095  -0.300   0.056   0.038
NODE        1096  -0.300   0.075   0.038
NODE        1097  -0.300   0.113   0.038
NODE        1098  -0.300   0.150   0.038
NODE        1099  -0.300  -0.150   0.000
NODE        1100  -0.300  -0.113   0.000
NODE        1101  -0.300  -0.075   0.000
NODE        1102  -0.300  -0.056   0.000
NODE        1103  -0.300  -0.038   0.000
NODE        1104  -0.300  -0.019   0.000
NODE        1105  -0.300   0.019   0.000
NODE        1106  -0.300   0.038   0.000
NODE        1107  -0.300   0.056   0.000
NODE        1108  -0.300   0.075   0.000
NODE        1109  -0.300   0.113   0.000
NODE        1110  -0.300   0.150   0.000
NODE        1111  -0.300  -0.150  -0.038
NODE        1112  -0.300  -0.113  -0.038
NODE        1113  -0.300  -0.075  -0.038
NODE        1114  -0.300  -0.056  -0.038
NODE        1115  -0.300  -0.038  -0.038
NODE        1116  -0.300  -0.019  -0.038
NODE        1117  -0.300   0.019  -0.038
NODE        1118  -0.300   0.038  -0.038
NODE        1119  -0.300   0.056  -0.038
NODE        1120  -0.300   0.075  -0.038
NODE        1121  -0.300   0.113  -0.038
NODE        1122  -0.300   0.150  -0.038
NODE        1123  -0.300  -0.150  -0.075
NODE        1124  -0.300  -0.113  -0.075
NODE        1125  -0.300  -0.075  -0.075
NODE        1126  -0.300  -0.056  -0.075
NODE        1127  -0.300  -0.038  -0.075
NODE        1128  -0.300  -0.019  -0.075
NODE        1129  -0.300   0.019  -0.075
NODE        1130  -0.300   0.038  -0.075
NODE        1131  -0.300   0.056  -0.075
NODE        1132  -0.300   0.075  -0.075
NODE        1133  -0.300   0.113  -0.075
NODE        1134  -0.300   0.150  -0.075
NODE        1135  -0.300  -0.150  -0.113
NODE        1136  -0.300  -0.113  -0.113
NODE        1137  -0.300  -0.075  -0.113
NODE        1138  -0.300  -0.056  -0.113
NODE        1139  -0.300  -0.038  -0.113
NODE        1140  -0.300  -0.019  -0.113
NODE        1141  -0.300   0.019  -0.113
NODE        1142  -0.300   0.038  -0.113
NODE        1143  -0.300   0.056  -0.113
NODE        1144  -0.300   0.075  -0.113
NODE        1145  -0.300   0.113  -0.113
NODE        1146  -0.300   0.150  -0.113
NODE        1147  -0.300  -0.150  -0.150
NODE        1148  -0.300  -0.113  -0.150
NODE        1149  -0.300  -0.075  -0.150
NODE        1150  -0.300  -0.056  -0.150
NODE        1151  -0.300  -0.038  -0.150
NODE        1152  -0.300  -0.019  -0.150
NODE        1153  -0.300   0.019  -0.150
NODE        1154  -0.300   0.038  -0.150
NODE        1155  -0.300   0.056  -0.150
NODE        1156  -0.300   0.075  -0.150
NODE        1157  -0.300   0.113  -0.150
NODE        1158  -0.300   0.150  -0.150
NODE        1159  -0.300  -0.150  -0.200
NODE        1160  -0.300  -0.113  -0.200
NODE        1161  -0.300  -0.075  -0.200
NODE        1162  -0.300  -0.056  -0.200
NODE        1163  -0.300  -0.038  -0.200
NODE        1164  -0.300  -0.019  -0.200
NODE        1165  -0.300   0.019  -0.200
NODE        1166  -0.300   0.038  -0.200
NODE        1167  -0.300   0.056  -0.200
NODE        1168  -0.300   0.075  -0.200
NODE        1169  -0.300   0.113  -0.200
NODE        1170  -0.300   0.150  -0.200
NODE        1171  -0.300  -0.150  -0.300
NODE        1172  -0.300  -0.113  -0.300
NODE        1173  -0.300  -0.075  -0.300
NODE        1174  -0.300  -0.056  -0.300
NODE        1175  -0.300  -0.038  -0.300
NODE        1176  -0.300  -0.019  -0.300
NODE        1177  -0.300   0.019  -0.300
NODE        1178  -0.300   0.038  -0.300
NODE        1179  -0.300   0.056  -0.300
NODE        1180  -0.300   0.075  -0.300
NODE        1181  -0.300   0.113  -0.300
NODE        1182  -0.300   0.150  -0.300
NODE        1183  -0.300  -0.150  -0.400
NODE        1184  -0.300  -0.113  -0.400
NODE        1185  -0.300  -0.075  -0.400
NODE        1186  -0.300  -0.056  -0.400
NODE        1187  -0.300  -0.038  -0.400
NODE        1188  -0.300  -0.019  -0.400
NODE        1189  -0.300   0.019  -0.400
NODE        1190  -0.300   0.038  -0.400
NODE        1191  -0.300   0.056  -0.400
NODE        1192  -0.300   0.075  -0.400
NODE        1193  -0.300   0.113  -0.400
NODE        1194  -0.300   0.150  -0.400
NODE        1195  -0.300  -0.150  -0.500
NODE        1196  -0.300  -0.113  -0.500
NODE        1197  -0.300  -0.075  -0.500
NODE        1198  -0.300  -0.056  -0.500
NODE        1199  -0.300  -0.038  -0.500
NODE        1200  -0.300  -0.019  -0.500
NODE        1201  -0.300   0.019  -0.500
NODE        1202  -0.300   0.038  -0.500
NODE        1203  -0.300   0.056  -0.500
NODE        1204  -0.300   0.075  -0.500
NODE        1205  -0.300   0.113  -0.500
NODE        1206  -0.300   0.150  -0.500
NODE        1207  -0.300  -0.150  -0.600
NODE        1208  -0.300  -0.113  -0.600
NODE        1209  -0.300  -0.075  -0.600
NODE        1210  -0.300  -0.056  -0.600
NODE        1211  -0.300  -0.038  -0.600
NODE        1212  -0.300  -0.019  -0.600
NODE        1213  -0.300   0.019  -0.600
NODE        1214  -0.300   0.038  -0.600
NODE        1215  -0.300   0.056  -0.600
NODE        1216  -0.300   0.075  -0.600
NODE        1217  -0.300   0.113  -0.600
NODE        1218  -0.300   0.150  -0.600
NODE        1219  -0.300  -0.150  -0.700
NODE        1220  -0.300  -0.113  -0.700
NODE        1221  -0.300  -0.075  -0.700
NODE        1222  -0.300  -0.056  -0.700
NODE        1223  -0.300  -0.038  -0.700
NODE        1224  -0.300  -0.019  -0.700
NODE        1225  -0.300   0.019  -0.700
NODE        1226  -0.300   0.038  -0.700
NODE        1227  -0.300   0.056  -0.700
NODE        1228  -0.300   0.075  -0.700
NODE        1229  -0.300   0.113  -0.700
NODE        1230  -0.300   0.150  -0.700
NODE        1231  -0.300  -0.150  -0.800
NODE        1232  -0.300  -0.113  -0.800
NODE        1233  -0.300  -0.075  -0.800
NODE        1234  -0.300  -0.056  -0.800
NODE        1235  -0.300  -0.038  -0.800
NODE        1236  -0.300  -0.019  -0.800
NODE        1237  -0.300   0.019  -0.800
NODE        1238  -0.300   0.038  -0.800
NODE        1239  -0.300   0.056  -0.800
NODE        1240  -0.300   0.075  -0.800
NODE        1241  -0.300   0.113  -0.800
NODE        1242  -0.300   0.150  -0.800
NODE        1243  -0.300  -0.150  -0.900
NODE        1244  -0.300  -0.113  -0.900
NODE        1245  -0.300  -0.075  -0.900
NODE        1246  -0.300  -0.056  -0.900
NODE        1247  -0.300  -0.038  -0.900
NODE        1248  -0.300  -0.019  -0.900
NODE        1249  -0.300   0.019  -0.900
NODE        1250  -0.300   0.038  -0.900
NODE        1251  -0.300   0.056  -0.900
NODE        1252  -0.300   0.075  -0.900
NODE        1253  -0.300   0.113  -0.900
NODE        1254  -0.300   0.150  -0.900
NODE        1255  -0.300  -0.150  -1.000
NODE        1256  -0.300  -0.113  -1.000
NODE        1257  -0.300  -0.075  -1.000
NODE        1258  -0.300  -0.056  -1.000
NODE        1259  -0.300  -0.038  -1.000
NODE        1260  -0.300  -0.019  -1.000
NODE        1261  -0.300   0.019  -1.000
NODE        1262  -0.300   0.038  -1.000
NODE        1263  -0.300   0.056  -1.000
NODE        1264  -0.300   0.075  -1.000
NODE        1265  -0.300   0.113  -1.000
NODE        1266  -0.300   0.150  -1.000
NODE        1267  -0.300  -0.150  -1.100
NODE        1268  -0.300  -0.113  -1.100
NODE        1269  -0.300  -0.075  -1.100
NODE        1270  -0.300  -0.056  -1.100
NODE        1271  -0.300  -0.038  -1.100
NODE        1272  -0.300  -0.019  -1.100
NODE        1273  -0.300   0.019  -1.100
NODE        1274  -0.300   0.038  -1.100
NODE        1275  -0.300   0.056  -1.100
NODE        1276  -0.300   0.075  -1.100
NODE        1277  -0.300   0.113  -1.100
NODE        1278  -0.300   0.150  -1.100
NODE        1279  -0.300  -0.150  -1.200
NODE        1280  -0.300  -0.113  -1.200
NODE        1281  -0.300  -0.075  -1.200
NODE        1282  -0.300  -0.056  -1.200
NODE        1283  -0.300  -0.038  -1.200
NODE        1284  -0.300  -0.019  -1.200
NODE        1285  -0.300   0.019  -1.200
NODE        1286  -0.300   0.038  -1.200
NODE        1287  -0.300   0.056  -1.200
NODE        1288  -0.300   0.075  -1.200
NODE        1289  -0.300   0.113  -1.200
NODE        1290  -0.300   0.150  -1.200
NODE        1291  -0.300  -0.150  -1.300
NODE        1292  -0.300  -0.113  -1.300
NODE        1293  -0.300  -0.075  -1.300
NODE        1294  -0.300  -0.056  -1.300
NODE        1295  -0.300  -0.038  -1.300
NODE        1296  -0.300  -0.019  -1.300
NODE        1297  -0.300   0.019  -1.300
NODE        1298  -0.300   0.038  -1.300
NODE        1299  -0.300   0.056  -1.300
NODE        1300  -0.300   0.075  -1.300
NODE        1301  -0.300   0.113  -1.300
NODE        1302  -0.300   0.150  -1.300
NODE        1303  -0.300  -0.150  -1.400
NODE        1304  -0.300  -0.113  -1.400
NODE        1305  -0.300  -0.075  -1.400
NODE        1306  -0.300  -0.056  -1.400
NODE        1307  -0.300  -0.038  -1.400
NODE        1308  -0.300  -0.019  -1.400
NODE        1309  -0.300   0.019  -1.400
NODE        1310  -0.300   0.038  -1.400
NODE        1311  -0.300   0.056  -1.400
NODE        1312  -0.300   0.075  -1.400
NODE        1313  -0.300   0.113  -1.400
NODE        1314  -0.300   0.150  -1.400
NODE        1315  -0.300  -0.150  -1.500
NODE        1316  -0.300  -0.113  -1.500
NODE        1317  -0.300  -0.075  -1.500
NODE        1318  -0.300  -0.056  -1.500
NODE        1319  -0.300  -0.038  -1.500
NODE        1320  -0.300  -0.019  -1.500
NODE        1321  -0.300   0.019  -1.500
NODE        1322  -0.300   0.038  -1.500
NODE        1323  -0.300   0.056  -1.500
NODE        1324  -0.300   0.075  -1.500
NODE        1325  -0.300   0.113  -1.500
NODE        1326  -0.300   0.150  -1.500
FIXATIONS
     BLOCK  967        F0        F0        NO        NO        NO        NO
     BLOCK  968        F0        F0        NO        NO        NO        NO
     BLOCK  969        F0        F0        NO        NO        NO        NO
     BLOCK  970        F0        F0        NO        NO        NO        NO
     BLOCK  971        F0        F0        NO        NO        NO        NO
     BLOCK  972        F0        F0        NO        NO        NO        NO
     BLOCK  973        F0        F0        NO        NO        NO        NO
     BLOCK  974        F0        F0        NO        NO        NO        NO
     BLOCK  975        F0        F0        NO        NO        NO        NO
     BLOCK  976        F0        F0        NO        NO        NO        NO
     BLOCK  977        F0        F0        NO        NO        NO        NO
     BLOCK  978        F0        F0        NO        NO        NO        NO 
     BLOCK  794        F0        F0        NO        NO        NO        NO
     BLOCK  793        F0        F0        NO        NO        NO        NO
     BLOCK  792        F0        F0        NO        NO        NO        NO
     BLOCK  791        F0        F0        NO        NO        NO        NO
     BLOCK  426        F0        F0        NO        NO        NO        NO
     BLOCK  427        F0        F0        NO        NO        NO        NO
     BLOCK  428        F0        F0        NO        NO        NO        NO
     BLOCK  429        F0        F0        NO        NO        NO        NO
     BLOCK  430        F0        F0        NO        NO        NO        NO
     BLOCK  431        F0        F0        NO        NO        NO        NO
     BLOCK  432        F0        F0        NO        NO        NO        NO
     BLOCK  433        F0        F0        NO        NO        NO        NO
     BLOCK  434        F0        F0        NO        NO        NO        NO
     BLOCK  435        F0        F0        NO        NO        NO        NO
     BLOCK  436        F0        F0        NO        NO        NO        NO
     BLOCK  437        F0        F0        NO        NO        NO        NO
     BLOCK  438        F0        F0        NO        NO        NO        NO
     BLOCK  910        F0        F0        F0        NO        NO        NO
     BLOCK  909        F0        F0        F0        NO        NO        NO
     BLOCK  908        F0        F0        F0        NO        NO        NO
     BLOCK  907        F0        F0        F0        NO        NO        NO
     BLOCK  778        F0        F0        F0        NO        NO        NO
     BLOCK  779        F0        F0        F0        NO        NO        NO
     BLOCK  780        F0        F0        F0        NO        NO        NO
     BLOCK  781        F0        F0        F0        NO        NO        NO
     BLOCK  782        F0        F0        F0        NO        NO        NO
     BLOCK  783        F0        F0        F0        NO        NO        NO
     BLOCK  784        F0        F0        F0        NO        NO        NO
     BLOCK  785        F0        F0        F0        NO        NO        NO
     BLOCK  786        F0        F0        F0        NO        NO        NO
     BLOCK  787        F0        F0        F0        NO        NO        NO
     BLOCK  788        F0        F0        F0        NO        NO        NO
     BLOCK  789        F0        F0        F0        NO        NO        NO   
     BLOCK 1313        F0        F0        F0        NO        NO        NO
     BLOCK 1314        F0        F0        F0        NO        NO        NO
     BLOCK 1315        F0        F0        F0        NO        NO        NO
     BLOCK 1316        F0        F0        F0        NO        NO        NO
     BLOCK 1317        F0        F0        F0        NO        NO        NO
     BLOCK 1318        F0        F0        F0        NO        NO        NO
     BLOCK 1319        F0        F0        F0        NO        NO        NO
     BLOCK 1320        F0        F0        F0        NO        NO        NO
     BLOCK 1321        F0        F0        F0        NO        NO        NO
     BLOCK 1322        F0        F0        F0        NO        NO        NO
     BLOCK 1323        F0        F0        F0        NO        NO        NO
     BLOCK 1324        F0        F0        F0        NO        NO        NO
     BLOCK 1325        F0        F0        F0        NO        NO        NO
     BLOCK 1326        F0        F0        F0        NO        NO        NO
     BLOCK  790        F0        F0        F0        NO        NO        NO
     BLOCK  149        F0        NO        NO        NO        F0        NO
     BLOCK  419        F0        NO        NO        NO        F0        NO
     BLOCK  420        F0        NO        NO        NO        F0        NO
     BLOCK  421        F0        NO        NO        NO        F0        NO
     BLOCK  422        F0        NO        NO        NO        F0        NO
     BLOCK  423        F0        NO        NO        NO        F0        NO
     BLOCK  424        F0        NO        NO        NO        F0        NO
     BLOCK  425        F0        NO        NO        NO        F0        NO
     BLOCK  302        F0        NO        NO        NO        F0        NO
     END_FIX
NODOFSHELL
column_web.tsh
 TRANSLATE    1    1
END_TRANS
column_flange.tsh
 TRANSLATE    1    1
END_TRANS
stiffener.tsh
 TRANSLATE    1    1
END_TRANS
beam_flange.tsh
 TRANSLATE    1    1
END_TRANS
beam_web.tsh
 TRANSLATE    1    1
END_TRANS
      ELEM    1    1    2   11   10    4
     GELEM    8    8    9   18   17    4   1
      ELEM    9   10   11   20   19    4
     GELEM   16   17   18   27   26    4   1
      ELEM   17   19   20   29   28    4
     GELEM   24   26   27   36   35    4   1
      ELEM   25   28   29   38   37    4
     GELEM   32   35   36   45   44    4   1
      ELEM   33   37   38   47   46    4
     GELEM   40   44   45   54   53    4   1
      ELEM   41   46   47   56   55    4
     GELEM   48   53   54   63   62    4   1
      ELEM   49   55   56   65   64    4
     GELEM   56   62   63   72   71    4   1
      ELEM   57   64   65   74   73    4
     GELEM   64   71   72   81   80    4   1
      ELEM   65   73   74   83   82    4
     GELEM   72   80   81   90   89    4   1
      ELEM   73   82   83   92   91    4
     GELEM   80   89   90   99   98    4   1
      ELEM   81   91   92  101  100    4
     GELEM   88   98   99  108  107    4   1
      ELEM   89  100  101  110  109    4
     GELEM   96  107  108  117  116    4   1
      ELEM   97  109  110  119  118    4
     GELEM  104  116  117  126  125    4   1
      ELEM  105  118  119  128  127    4
     GELEM  112  125  126  135  134    4   1
      ELEM  113  127  128  137  136    4
     GELEM  120  134  135  144  143    4   1
      ELEM  121  136  137  146  145    4
     GELEM  128  143  144  153  152    4   1
      ELEM  129  154  155  164  163    4
     GELEM  136  161  162  171  170    4   1
      ELEM  137  163  164  173  172    4
     GELEM  144  170  171  180  179    4   1
      ELEM  145  172  173  182  181    4
     GELEM  152  179  180  189  188    4   1
      ELEM  153  181  182  191  190    4
     GELEM  160  188  189  198  197    4   1
      ELEM  161  190  191  200  199    4
     GELEM  168  197  198  207  206    4   1
      ELEM  169  199  200  209  208    4
     GELEM  176  206  207  216  215    4   1
      ELEM  177  208  209  218  217    4
     GELEM  184  215  216  225  224    4   1
      ELEM  185  217  218  227  226    4
     GELEM  192  224  225  234  233    4   1
      ELEM  193  226  227  236  235    4
     GELEM  200  233  234  243  242    4   1
      ELEM  201  235  236  245  244    4
     GELEM  208  242  243  252  251    4   1
      ELEM  209  244  245  254  253    4
     GELEM  216  251  252  261  260    4   1
      ELEM  217  253  254  263  262    4
     GELEM  224  260  261  270  269    4   1
      ELEM  225  262  263  272  271    4
     GELEM  232  269  270  279  278    4   1
      ELEM  233  271  272  281  280    4
     GELEM  240  278  279  288  287    4   1
      ELEM  241  280  281  290  289    4
     GELEM  248  287  288  297  296    4   1
      ELEM  249  289  290  299  298    4
     GELEM  256  296  297  306  305    4   1
      ELEM  257    5  307  314   14    5
      ELEM  258  307  308  315  314    5
     GELEM  263  312  313  320  319    5   1
      ELEM  264  313  158  167  320    5  
      ELEM  265   14  314  321   23    5
      ELEM  266  314  315  322  321    5
     GELEM  271  319  320  327  326    5   1
      ELEM  272  320  167  176  327    5
      ELEM  273   23  321  328   32    5
      ELEM  274  321  322  329  328    5
     GELEM  279  326  327  334  333    5   1
      ELEM  280  327  176  185  334    5 
      ELEM  281   32  328  335   41    5
      ELEM  282  328  329  336  335    5
     GELEM  287  333  334  341  340    5   1   
      ELEM  288  334  185  194  341    5   
      ELEM  289   41  335  342   50    5
      ELEM  290  335  336  343  342    5
     GELEM  295  340  341  348  347    5   1
      ELEM  296  341  194  203  348    5     
      ELEM  297   50  342  349   59    5
      ELEM  298  342  343  350  349    5
     GELEM  303  347  348  355  354    5   1
      ELEM  304  348  203  212  355    5  
      ELEM  305   59  349  356   68    5
      ELEM  306  349  350  357  356    5
     GELEM  311  354  355  362  361    5   1
      ELEM  312  355  212  221  362    5 
      ELEM  313   68  356  363   77    5
      ELEM  314  356  357  364  363    5
     GELEM  319  361  362  369  368    5   1
      ELEM  320  362  221  230  369    5   
      ELEM  321   77  363  370   86    5
      ELEM  322  363  364  371  370    5     
     GELEM  327  368  369  376  375    5   1
      ELEM  328  369  230  239  376    5 
      ELEM  329   86  370  377   95    5
      ELEM  330  370  371  378  377    5
     GELEM  335  375  376  383  382    5   1
      ELEM  336  376  239  248  383    5   
      ELEM  337   95  377  384  104    5
      ELEM  338  377  378  385  384    5
     GELEM  343  382  383  390  389    5   1
      ELEM  344  383  248  257  390    5   
      ELEM  345  104  384  391  113    5
      ELEM  346  384  385  392  391    5
     GELEM  351  389  390  397  396    5   1
      ELEM  352  390  257  266  397    5   
      ELEM  353  113  391  398  122    5
      ELEM  354  391  392  399  398    5
     GELEM  359  396  397  404  403    5   1
      ELEM  360  397  266  275  404    5   
      ELEM  361  122  398  405  131    5
      ELEM  362  398  399  406  405    5
     GELEM  367  403  404  411  410    5   1
      ELEM  368  404  275  284  411    5   
      ELEM  369  131  405  412  140    5
      ELEM  370  405  406  413  412    5
     GELEM  375  410  411  418  417    5   1
      ELEM  376  411  284  293  418    5 
      ELEM  377  140  412  419  149    5
      ELEM  378  412  413  420  419    5
     GELEM  383  417  418  425  424    5   1  
      ELEM  384  418  293  302  425    5
      ELEM  385  426  439  440  427    2
     GELEM  396  437  450  451  438    2   1
      ELEM  397  439  452  453  440    2
     GELEM  408  450  463  464  451    2   1
      ELEM  409  452  465  466  453    2
     GELEM  420  463  476  477  464    2   1
      ELEM  421  465  478  479  466    2
     GELEM  432  476  489  490  477    2   1
      ELEM  433  478  491  492  479    2
     GELEM  444  489  502  503  490    2   1
      ELEM  445  491  504  505  492    2
     GELEM  456  502  515  516  503    2   1
      ELEM  457  504  517  518  505    2
      ELEM  458  505  518    1  506    2
      ELEM  459  506    1    2  507    2 
     GELEM  466  513    8    9  514    2   1
      ELEM  467  514    9  519  515    2 
      ELEM  468  515  519  520  516    2
      ELEM  469  517  521  522  518    2
      ELEM  470  518  522  523    1    2
      ELEM  471    1  523  524    2    2
     GELEM  473    3  525  526    4    2   1
      ELEM  474    4  526  307    5    2
      ELEM  475    5  307  527    6    2
      ELEM  476    6  527  528    7    2
     GELEM  478    8  529  530    9    2   1
      ELEM  479    9  530  531  519    2
      ELEM  480  519  531  532  520    2     
      ELEM  481  521  533  534  522    2
     GELEM  485  525  538  539  526    2   1
      ELEM  486  526  538  308  307    2
      ELEM  487  307  308  539  527    2
      ELEM  488  527  539  540  528    2
     GELEM  492  531  543  544  532    2   1
      ELEM  493  533  545  546  534    2
     GELEM  497  537  549  550  538    2   1
      ELEM  498  538  550  309  308    2
      ELEM  499  308  309  551  539    2
      ELEM  500  539  551  552  540    2
     GELEM  504  543  555  556  544    2   1
      ELEM  505  545  557  558  546    2
     GELEM  509  549  561  562  558    2   1
      ELEM  510  550  562  310  309    2
      ELEM  511  309  310  563  551    2
      ELEM  512  551  563  564  552    2
     GELEM  516  555  567  568  556    2   1
      ELEM  517  557  569  570  558    2
     GELEM  521  561  573  574  570    2   1
      ELEM  522  562  574  311  310    2
      ELEM  523  310  311  575  563    2
      ELEM  524  563  575  576  564    2
     GELEM  528  567  579  580  568    2   1
      ELEM  529  569  581  582  570    2
     GELEM  533  573  585  586  582    2   1
      ELEM  534  574  586  312  311    2
      ELEM  535  311  312  587  575    2
      ELEM  536  575  587  588  576    2
     GELEM  540  579  591  592  580    2   1
      ELEM  541  581  593  594  582    2
     GELEM  545  595  597  598  594    2   1
      ELEM  546  586  598  313  312    2
      ELEM  547  312  313  599  587    2
      ELEM  548  587  599  600  588    2
     GELEM  552  591  603  604  592    2   1
      ELEM  553  593  605  606  594    2
      ELEM  554  594  606  154  595    2    
      ELEM  555  595  154  155  596    2
      ELEM  556  596  155  156  597    2
      ELEM  557  597  156  157  598    2
      ELEM  558  598  157  158  313    2
      ELEM  559  313  158  159  599    2
      ELEM  560  599  159  160  600    2
      ELEM  561  600  160  161  601    2    
      ELEM  562  601  161  162  602    2
      ELEM  563  602  162  607  603    2
      ELEM  564  603  607  608  604    2
      ELEM  565  605  609  610  606    2
      ELEM  566  606  610  611  154    2
      ELEM  567  154  611  612  155    2
     GELEM  574  161  618  619  162    2   1
      ELEM  575  162  619  620  607    2
      ELEM  576  607  620  621  608    2
      ELEM  577  609  622  623  610    2
     GELEM  588  620  633  634  621    2   1
      ELEM  589  622  635  636  623    2
     GELEM  600  633  646  647  634    2   1
      ELEM  601  635  648  649  636    2
     GELEM  612  646  659  660  647    2   1
      ELEM  613  648  661  662  649    2
     GELEM  624  659  672  673  660    2   1
      ELEM  625  661  674  675  662    2
     GELEM  636  672  685  686  673    2   1
      ELEM  637  674  687  688  675    2
     GELEM  648  685  698  699  686    2   1
      ELEM  649  687  700  701  688    2
     GELEM  660  698  711  712  699    2   1    
      ELEM  661  700  713  714  701    2
     GELEM  672  711  724  725  712    2   1
      ELEM  673  713  726  727  714    2
     GELEM  684  724  737  738  725    2   1
      ELEM  685  726  739  740  727    2
     GELEM  696  737  750  751  738    2   1
      ELEM  697  739  752  753  740    2
     GELEM  708  750  763  764  751    2   1
      ELEM  709  752  765  766  753    2
     GELEM  720  763  776  777  764    2   1
      ELEM  721  765  778  779  766    2
     GELEM  732  776  789  790  777    2   1
      ELEM  733  432  445  795  791    1
      ELEM  734  791  795  796  792    1
      ELEM  735  792  796  797  793    1
      ELEM  736  793  797  798  794    1     
      ELEM  737  445  458  799  795    1
      ELEM  738  795  799  800  796    1
      ELEM  739  796  800  801  797    1
      ELEM  740  797  801  802  798    1   
      ELEM  741  458  471  803  799    1
      ELEM  742  799  803  804  800    1
     GELEM  744  801  805  806  802    1   1
      ELEM  745  471  484  807  803    1
      ELEM  746  803  807  808  804    1
     GELEM  748  805  809  810  806    1   1
      ELEM  749  484  497  811  807    1
      ELEM  750  807  811  812  808    1
     GELEM  752  809  813  814  810    1   1   
      ELEM  753  497  510  815  811    1
      ELEM  754  811  815  816  812    1
     GELEM  756  813  817  818  814    1   1
      ELEM  757  510    5  819  815    1
      ELEM  758  815  819  820  816    1
     GELEM  760  817  821  822  818    1   1
      ELEM  761    5  307  823  819    1
      ELEM  762  819  823  824  820    1
     GELEM  764  821  825  826  822    1   1
      ELEM  765  307  308  827  823    1
      ELEM  766  823  827  828  824    1
     GELEM  768  825  829  830  826    1   1
      ELEM  769  308  309  831  827    1
      ELEM  770  827  831  832  828    1
     GELEM  772  829  833  834  830    1   1
      ELEM  773  309  310  835  831    1
      ELEM  774  831  835  836  832    1
     GELEM  776  833  837  838  834    1   1
      ELEM  777  310  311  839  835    1
      ELEM  778  835  839  840  836    1
     GELEM  780  837  841  842  838    1   1
      ELEM  781  311  312  843  839    1
      ELEM  782  839  843  844  840    1
     GELEM  784  841  845  846  842    1   1
      ELEM  785  312  313  847  843    1
      ELEM  786  843  847  848  844    1
     GELEM  788  845  849  850  846    1   1
      ELEM  789  313  158  851  847    1
      ELEM  790  847  851  852  848    1
     GELEM  792  849  853  854  850    1   1
      ELEM  793  158  615  855  851    1
      ELEM  794  851  855  856  852    1
     GELEM  796  853  857  858  854    1   1
      ELEM  797  615  628  859  855    1
      ELEM  798  855  859  860  856    1
     GELEM  800  857  861  862  858    1   1
      ELEM  801  628  641  863  859    1
      ELEM  802  859  863  864  860    1
     GELEM  804  861  865  866  862    1   1
      ELEM  805  641  654  867  863    1
      ELEM  806  863  867  868  864    1
     GELEM  808  865  869  870  866    1   1
      ELEM  809  654  667  871  867    1
      ELEM  810  867  871  872  868    1
     GELEM  812  869  873  874  870    1   1         
      ELEM  813  667  680  875  871    1
      ELEM  814  871  875  876  872    1
     GELEM  816  873  877  878  874    1   1
      ELEM  817  680  693  879  875    1
      ELEM  818  875  879  880  876    1
     GELEM  820  877  881  882  878    1   1
      ELEM  821  693  706  883  879    1
      ELEM  822  879  883  884  880    1
     GELEM  824  881  885  886  882    1   1
      ELEM  825  706  719  887  883    1
      ELEM  826  883  887  888  884    1
     GELEM  828  885  889  890  886    1   1
      ELEM  829  719  732  891  887    1
      ELEM  830  887  891  892  888    1
     GELEM  832  889  893  894  890    1   1
      ELEM  833  732  745  895  891    1
      ELEM  834  891  895  896  892    1
     GELEM  836  893  897  898  894    1   1
      ELEM  837  745  758  899  895    1
      ELEM  838  895  899  900  896    1
     GELEM  840  897  901  902  898    1   1
      ELEM  841  758  771  903  899    1
      ELEM  842  899  903  904  900    1
     GELEM  844  901  905  906  902    1   1
      ELEM  845  771  784  907  903    1
      ELEM  846  903  907  908  904    1
     GELEM  848  905  909  910  906    1   1
      ELEM  849  136  911  912  137    3
     GELEM  851  138  913  914  139    3   1
      ELEM  852  139  914  412  140    3
      ELEM  853  140  412  915  141    3   
      ELEM  854  141  915  916  142    3
     GELEM  856  143  917  918  144    3   1
      ELEM  857  911  919  920  912    3
     GELEM  859  913  921  922  914    3   1
      ELEM  860  914  922  413  412    3
      ELEM  861  412  413  923  915    3   
      ELEM  862  915  923  924  916    3
     GELEM  864  917  925  926  918    3   1
      ELEM  865  919  927  928  920    3
     GELEM  867  921  929  930  922    3   1
      ELEM  868  922  930  414  413    3
      ELEM  869  413  414  931  923    3   
      ELEM  870  923  931  932  924    3
     GELEM  872  925  933  934  926    3   1
      ELEM  873  927  935  936  928    3
     GELEM  875  929  937  938  930    3   1
      ELEM  876  930  938  415  414    3
      ELEM  877  414  415  939  931    3   
      ELEM  878  931  939  940  932    3
     GELEM  880  933  941  942  934    3   1
      ELEM  881  935  943  944  936    3
     GELEM  883  937  945  946  938    3   1
      ELEM  884  938  946  416  415    3
      ELEM  885  415  416  947  939    3   
      ELEM  886  939  947  948  940    3
     GELEM  888  941  949  950  942    3   1
      ELEM  889  943  951  952  944    3
     GELEM  891  945  953  954  946    3   1
      ELEM  892  946  954  417  416    3
      ELEM  893  416  417  955  947    3   
      ELEM  894  947  955  956  948    3
     GELEM  896  949  957  958  950    3   1
      ELEM  897  951  959  960  952    3
     GELEM  899  953  961  962  954    3   1
      ELEM  900  954  962  418  417    3
      ELEM  901  417  418  963  955    3   
      ELEM  902  955  963  964  956    3
     GELEM  904  957  965  966  958    3   1
      ELEM  905  959  289  290  960    3
     GELEM  907  961  291  292  962    3   1
      ELEM  908  962  292  293  418    3
      ELEM  909  418  293  294  963    3   
      ELEM  910  963  294  295  964    3
     GELEM  912  965  296  297  966    3   1
   ELEM      913     967     979     980     968       2
  GELEM      917     971     983     984     972       2       1
   ELEM      918     972     984     798     794       2
   ELEM      919     794     798     985     973       2
   ELEM      920     973     985     986     974       2
  GELEM      924     977     989     990     978       2       1
   ELEM      925     979     991     992     980       2
  GELEM      929     983     995     996     984       2       1
   ELEM      930     984     996     802     798       2
   ELEM      931     798     802     997     985       2
   ELEM      932     985     997     998     986       2
  GELEM      936     989    1001    1002     990       2       1
   ELEM      937     991    1003    1004     992       2
  GELEM      941     995    1007    1008     996       2       1
   ELEM      942     996    1008     806     802       2
   ELEM      943     802     806    1009     997       2
   ELEM      944     997    1009    1010     998       2
  GELEM      948    1001    1013    1014    1002       2       1
   ELEM      949    1003    1015    1016    1004       2
  GELEM      953    1007    1019    1020    1008       2       1
   ELEM      954    1008    1020     810     806       2
   ELEM      955     806     810    1021    1009       2
   ELEM      956    1009    1021    1022    1010       2
  GELEM      960    1013    1025    1026    1014       2       1
   ELEM      961    1015    1027    1028    1016       2
  GELEM      965    1019    1031    1032    1020       2       1
   ELEM      966    1020    1032     814     810       2
   ELEM      967     810     814    1033    1021       2
   ELEM      968    1021    1033    1034    1022       2
  GELEM      972    1025    1037    1038    1026       2       1
   ELEM      973    1027    1039    1040    1028       2
  GELEM      977    1031    1043    1044    1032       2       1
   ELEM      978    1032    1044     818     814       2
   ELEM      979     814     818    1045    1033       2
   ELEM      980    1033    1045    1046    1034       2
  GELEM      984    1037    1049    1050    1038       2       1
   ELEM      985    1039    1051    1052    1040       2
  GELEM      989    1043    1055    1056    1044       2       1
   ELEM      990    1044    1056     822     818       2
   ELEM      991     818     822    1057    1045       2
   ELEM      992    1045    1057    1058    1046       2
  GELEM      996    1049    1061    1062    1050       2       1
   ELEM      997    1051    1063    1064    1052       2
  GELEM     1001    1055    1067    1068    1056       2       1
   ELEM     1002    1056    1068     826     822       2
   ELEM     1003     822     826    1069    1057       2
   ELEM     1004    1057    1069    1070    1058       2
  GELEM     1008    1061    1073    1074    1062       2       1
   ELEM     1009    1063    1075    1076    1064       2
  GELEM     1013    1067    1079    1080    1068       2       1
   ELEM     1014    1068    1080     830     826       2
   ELEM     1015     826     830    1081    1069       2
   ELEM     1016    1069    1081    1082    1070       2
  GELEM     1020    1073    1085    1086    1074       2       1
   ELEM     1021    1075    1087    1088    1076       2
  GELEM     1025    1079    1091    1092    1080       2       1
   ELEM     1026    1080    1092     834     830       2
   ELEM     1027     830     834    1093    1081       2
   ELEM     1028    1081    1093    1094    1082       2
  GELEM     1032    1085    1097    1098    1086       2       1
   ELEM     1033    1087    1099    1100    1088       2
  GELEM     1037    1091    1103    1104    1092       2       1
   ELEM     1038    1092    1104     838     834       2
   ELEM     1039     834     838    1105    1093       2
   ELEM     1040    1093    1105    1106    1094       2
  GELEM     1044    1097    1109    1110    1098       2       1
   ELEM     1045    1099    1111    1112    1100       2
  GELEM     1049    1103    1115    1116    1104       2       1
   ELEM     1050    1104    1116     842     838       2
   ELEM     1051     838     842    1117    1105       2
   ELEM     1052    1105    1117    1118    1106       2
  GELEM     1056    1109    1121    1122    1110       2       1
   ELEM     1057    1111    1123    1124    1112       2
  GELEM     1061    1115    1127    1128    1116       2       1
   ELEM     1062    1116    1128     846     842       2
   ELEM     1063     842     846    1129    1117       2
   ELEM     1064    1117    1129    1130    1118       2
  GELEM     1068    1121    1133    1134    1122       2       1
   ELEM     1069    1123    1135    1136    1124       2
  GELEM     1073    1127    1139    1140    1128       2       1
   ELEM     1074    1128    1140     850     846       2
   ELEM     1075     846     850    1141    1129       2
   ELEM     1076    1129    1141    1142    1130       2
  GELEM     1080    1133    1145    1146    1134       2       1
   ELEM     1081    1135    1147    1148    1136       2
  GELEM     1085    1139    1151    1152    1140       2       1
   ELEM     1086    1140    1152     854     850       2
   ELEM     1087     850     854    1153    1141       2
   ELEM     1088    1141    1153    1154    1142       2
  GELEM     1092    1145    1157    1158    1146       2       1
   ELEM     1093    1147    1159    1160    1148       2
  GELEM     1097    1151    1163    1164    1152       2       1
   ELEM     1098    1152    1164     858     854       2
   ELEM     1099     854     858    1165    1153       2
   ELEM     1100    1153    1165    1166    1154       2
  GELEM     1104    1157    1169    1170    1158       2       1
   ELEM     1105    1159    1171    1172    1160       2
  GELEM     1109    1163    1175    1176    1164       2       1
   ELEM     1110    1164    1176     862     858       2
   ELEM     1111     858     862    1177    1165       2
   ELEM     1112    1165    1177    1178    1166       2
  GELEM     1116    1169    1181    1182    1170       2       1
   ELEM     1117    1171    1183    1184    1172       2
  GELEM     1121    1175    1187    1188    1176       2       1
   ELEM     1122    1176    1188     866     862       2
   ELEM     1123     862     866    1189    1177       2
   ELEM     1124    1177    1189    1190    1178       2
  GELEM     1128    1181    1193    1194    1182       2       1
   ELEM     1129    1183    1195    1196    1184       2
  GELEM     1133    1187    1199    1200    1188       2       1
   ELEM     1134    1188    1200     870     866       2
   ELEM     1135     866     870    1201    1189       2
   ELEM     1136    1189    1201    1202    1190       2
  GELEM     1140    1193    1205    1206    1194       2       1
   ELEM     1141    1195    1207    1208    1196       2
  GELEM     1145    1199    1211    1212    1200       2       1
   ELEM     1146    1200    1212     874     870       2
   ELEM     1147     870     874    1213    1201       2
   ELEM     1148    1201    1213    1214    1202       2
  GELEM     1152    1205    1217    1218    1206       2       1
   ELEM     1153    1207    1219    1220    1208       2
  GELEM     1157    1211    1223    1224    1212       2       1
   ELEM     1158    1212    1224     878     874       2
   ELEM     1159     874     878    1225    1213       2
   ELEM     1160    1213    1225    1226    1214       2
  GELEM     1164    1217    1229    1230    1218       2       1
   ELEM     1165    1219    1231    1232    1220       2
  GELEM     1169    1223    1235    1236    1224       2       1
   ELEM     1170    1224    1236     882     878       2
   ELEM     1171     878     882    1237    1225       2
   ELEM     1172    1225    1237    1238    1226       2
  GELEM     1176    1229    1241    1242    1230       2       1
   ELEM     1177    1231    1243    1244    1232       2
  GELEM     1181    1235    1247    1248    1236       2       1
   ELEM     1182    1236    1248     886     882       2
   ELEM     1183     882     886    1249    1237       2
   ELEM     1184    1237    1249    1250    1238       2
  GELEM     1188    1241    1253    1254    1242       2       1
   ELEM     1189    1243    1255    1256    1244       2
  GELEM     1193    1247    1259    1260    1248       2       1
   ELEM     1194    1248    1260     890     886       2
   ELEM     1195     886     890    1261    1249       2
   ELEM     1196    1249    1261    1262    1250       2
  GELEM     1200    1253    1265    1266    1254       2       1
   ELEM     1201    1255    1267    1268    1256       2
  GELEM     1205    1259    1271    1272    1260       2       1
   ELEM     1206    1260    1272     894     890       2
   ELEM     1207     890     894    1273    1261       2
   ELEM     1208    1261    1273    1274    1262       2
  GELEM     1212    1265    1277    1278    1266       2       1
   ELEM     1213    1267    1279    1280    1268       2
  GELEM     1217    1271    1283    1284    1272       2       1
   ELEM     1218    1272    1284     898     894       2
   ELEM     1219     894     898    1285    1273       2
   ELEM     1220    1273    1285    1286    1274       2
  GELEM     1224    1277    1289    1290    1278       2       1
   ELEM     1225    1279    1291    1292    1280       2
  GELEM     1229    1283    1295    1296    1284       2       1
   ELEM     1230    1284    1296     902     898       2
   ELEM     1231     898     902    1297    1285       2
   ELEM     1232    1285    1297    1298    1286       2
  GELEM     1236    1289    1301    1302    1290       2       1
   ELEM     1237    1291    1303    1304    1292       2
  GELEM     1241    1295    1307    1308    1296       2       1
   ELEM     1242    1296    1308     906     902       2
   ELEM     1243     902     906    1309    1297       2
   ELEM     1244    1297    1309    1310    1298       2
  GELEM     1248    1301    1313    1314    1302       2       1
   ELEM     1249    1303    1315    1316    1304       2
  GELEM     1253    1307    1319    1320    1308       2       1
   ELEM     1254    1308    1320     910     906       2
   ELEM     1255     906     910    1321    1309       2
   ELEM     1256    1309    1321    1322    1310       2
  GELEM     1260    1313    1325    1326    1314       2       1
PRECISION      1D-3
     LOADS
  FUNCTION     F100
  NODELOAD       136    0000.0    0.0032     -1.20        0.        0.        0.
  NODELOAD       137    0000.0    0.0032     -1.20        0.        0.        0.
  NODELOAD       138    0000.0    0.0032     -1.20        0.        0.        0.
  NODELOAD       139    0000.0    0.0032     -1.20        0.        0.        0.
  NODELOAD       140    0000.0    0.0032     -1.20        0.        0.        0.
  NODELOAD       141    0000.0    0.0032     -1.20        0.        0.        0. 
  NODELOAD       142    0000.0    0.0032     -1.20        0.        0.        0.
  NODELOAD       143    0000.0    0.0032     -1.20        0.        0.        0.
  NODELOAD       144    0000.0    0.0032     -1.20        0.        0.        0.
END_LOAD
     MASS
    M_SHELL       1      1000.    1.		
   GM_SHELL       1260   1000.    1.     1
   END_MASS
 MATERIALS
  STEELEC32D
   210.E9       0.3   355.0E6       1200.     0.
      TIME
               0.1   4000   25.6
   END_TIME
LARGEDISPL
     EPSTH
IMPRESSION
 TIMEPRINT
       1.0   4000.0
 END_TIMEPR
PRINTREACT
PRNNXSHELL
