Input-File for SAFIR2007
Safir_Thermal_Analysis
Mesh_from_GID-Mesher

     NNODE   504
      NDIM    2
   NDDLMAX    1
      FROM    1   TO   504 STEP    1 NDDL    1
  END_NDDL
   TORSION
 RENUMGEO 1
      NMAT 2
  ELEMENTS
     SOLID   917
        NG    2
     NVOID     0
  END_ELEM
     NODES
      NODE    1     0.0031    -0.1780
      NODE    2    -0.0000    -0.1680
      NODE    3    -0.0094    -0.1778
      NODE    4     0.0157    -0.1773
      NODE    5     0.0126    -0.1675
      NODE    6    -0.0126    -0.1675
      NODE    7     0.0054    -0.1584
      NODE    8    -0.0047    -0.1583
      NODE    9     0.0250    -0.1661
      NODE   10    -0.0219    -0.1766
      NODE   11     0.0282    -0.1758
      NODE   12     0.0175    -0.1549
      NODE   13    -0.0250    -0.1661
      NODE   14    -0.0175    -0.1549
      NODE   15     0.0018    -0.1435
      NODE   16     0.0290    -0.1531
      NODE   17     0.0374    -0.1638
      NODE   18    -0.0343    -0.1747
      NODE   19     0.0405    -0.1733
      NODE   20    -0.0290    -0.1531
      NODE   21     0.0210    -0.1395
      NODE   22    -0.0374    -0.1638
      NODE   23    -0.0210    -0.1395
      NODE   24     0.0418    -0.1528
      NODE   25     0.0495    -0.1605
      NODE   26     0.0526    -0.1700
      NODE   27    -0.0466    -0.1718
      NODE   28    -0.0421    -0.1527
      NODE   29    -0.0495    -0.1605
      NODE   30     0.0510    -0.1490
      NODE   31     0.0422    -0.1373
      NODE   32    -0.0092    -0.1224
      NODE   33     0.0236    -0.1214
      NODE   34    -0.0518    -0.1499
      NODE   35    -0.0436    -0.1371
      NODE   36     0.0614    -0.1564
      NODE   37     0.0645    -0.1659
      NODE   38    -0.0586    -0.1681
      NODE   39    -0.0314    -0.1196
      NODE   40    -0.0614    -0.1564
      NODE   41     0.0623    -0.1429
      NODE   42    -0.0623    -0.1429
      NODE   43     0.0729    -0.1514
      NODE   44     0.0760    -0.1610
      NODE   45    -0.0703    -0.1635
      NODE   46     0.0448    -0.1142
      NODE   47     0.0733    -0.1395
      NODE   48     0.0643    -0.1258
      NODE   49    -0.0729    -0.1514
      NODE   50    -0.0176    -0.0995
      NODE   51    -0.0612    -0.1271
      NODE   52     0.0273    -0.0973
      NODE   53    -0.0511    -0.1131
      NODE   54    -0.0727    -0.1398
      NODE   55     0.0872    -0.1552
      NODE   56    -0.0816    -0.1582
      NODE   57     0.0840    -0.1455
      NODE   58     0.0829    -0.1320
      NODE   59    -0.0840    -0.1455
      NODE   60    -0.0829    -0.1320
      NODE   61     0.0795    -0.1165
      NODE   62    -0.0024    -0.0802
      NODE   63     0.0664    -0.1021
      NODE   64    -0.0926    -0.1520
      NODE   65     0.0979    -0.1487
      NODE   66     0.0946    -0.1388
      NODE   67    -0.0486    -0.0908
      NODE   68    -0.0795    -0.1165
      NODE   69     0.0926    -0.1254
      NODE   70    -0.0270    -0.0781
      NODE   71    -0.0946    -0.1388
      NODE   72    -0.0669    -0.0972
      NODE   73     0.0192    -0.0718
      NODE   74     0.0818    -0.1036
      NODE   75    -0.0926    -0.1254
      NODE   76     0.0486    -0.0781
      NODE   77    -0.1031    -0.1451
      NODE   78     0.1082    -0.1414
      NODE   79     0.1047    -0.1313
      NODE   80     0.0669    -0.0845
      NODE   81     0.0940    -0.1100
      NODE   82    -0.0832    -0.1024
      NODE   83     0.1017    -0.1181
      NODE   84    -0.0692    -0.0857
      NODE   85     0.0818    -0.0908
      NODE   86    -0.1047    -0.1313
      NODE   87    -0.0940    -0.1100
      NODE   88    -0.1017    -0.1181
      NODE   89    -0.0455    -0.0666
      NODE   90     0.0940    -0.0972
      NODE   91    -0.0818    -0.0908
      NODE   92    -0.1131    -0.1375
      NODE   93     0.1179    -0.1334
      NODE   94     0.0669    -0.0717
      NODE   95     0.1143    -0.1232
      NODE   96    -0.0940    -0.0972
      NODE   97     0.1100    -0.1100
      NODE   98     0.0818    -0.0781
      NODE   99    -0.0669    -0.0717
      NODE  100     0.0064    -0.0501
      NODE  101    -0.1143    -0.1232
      NODE  102    -0.0192    -0.0501
      NODE  103     0.0940    -0.0845
      NODE  104     0.0319    -0.0501
      NODE  105    -0.0818    -0.0781
      NODE  106    -0.1100    -0.1100
      NODE  107     0.0486    -0.0525
      NODE  108     0.1100    -0.0961
      NODE  109     0.1270    -0.1247
      NODE  110    -0.1225    -0.1292
      NODE  111    -0.0940    -0.0845
      NODE  112     0.1232    -0.1143
      NODE  113    -0.0447    -0.0501
      NODE  114     0.0692    -0.0577
      NODE  115     0.0818    -0.0653
      NODE  116    -0.0669    -0.0589
      NODE  117    -0.1100    -0.0963
      NODE  118     0.0940    -0.0717
      NODE  119    -0.0818    -0.0653
      NODE  120    -0.1232    -0.1143
      NODE  121    -0.0940    -0.0717
      NODE  122     0.1100    -0.0806
      NODE  123    -0.0000    -0.0319
      NODE  124    -0.1313    -0.1202
      NODE  125     0.1355    -0.1155
      NODE  126     0.0669    -0.0462
      NODE  127     0.1313    -0.1047
      NODE  128     0.0255    -0.0319
      NODE  129     0.0818    -0.0525
      NODE  130     0.1240    -0.0917
      NODE  131     0.0115    -0.0296
      NODE  132    -0.1100    -0.0813
      NODE  133    -0.0255    -0.0319
      NODE  134    -0.0669    -0.0462
      NODE  135    -0.0140    -0.0296
      NODE  136     0.0940    -0.0589
      NODE  137     0.0383    -0.0319
      NODE  138    -0.0818    -0.0525
      NODE  139    -0.1313    -0.1047
      NODE  140    -0.1240    -0.0919
      NODE  141    -0.0940    -0.0589
      NODE  142     0.0511    -0.0319
      NODE  143    -0.0396    -0.0296
      NODE  144    -0.0511    -0.0319
      NODE  145     0.1100    -0.0633
      NODE  146    -0.1394    -0.1106
      NODE  147     0.1433    -0.1056
      NODE  148     0.1297    -0.0824
      NODE  149     0.1388    -0.0946
      NODE  150     0.0807    -0.0382
      NODE  151     0.0940    -0.0462
      NODE  152    -0.1100    -0.0647
      NODE  153     0.1222    -0.0705
      NODE  154     0.0064    -0.0170
      NODE  155    -0.0064    -0.0170
      NODE  156     0.0694    -0.0309
      NODE  157     0.0192    -0.0170
      NODE  158    -0.0818    -0.0398
      NODE  159    -0.0192    -0.0170
      NODE  160     0.0319    -0.0170
      NODE  161    -0.1298    -0.0825
      NODE  162    -0.0940    -0.0462
      NODE  163    -0.1388    -0.0946
      NODE  164    -0.0319    -0.0170
      NODE  165    -0.1222    -0.0705
      NODE  166    -0.0680    -0.0287
      NODE  167     0.0447    -0.0170
      NODE  168    -0.0447    -0.0170
      NODE  169    -0.1469    -0.1005
      NODE  170     0.1504    -0.0953
      NODE  171     0.0597    -0.0182
      NODE  172     0.1455    -0.0840
      NODE  173     0.0940    -0.0334
      NODE  174     0.1378    -0.0728
      NODE  175     0.1100    -0.0441
      NODE  176    -0.0575    -0.0170
      NODE  177     0.0000    -0.0048
      NODE  178     0.0128    -0.0048
      NODE  179    -0.1100    -0.0462
      NODE  180    -0.0128    -0.0048
      NODE  181    -0.0940    -0.0334
      NODE  182     0.0255    -0.0048
      NODE  183     0.0780    -0.0199
      NODE  184    -0.0255    -0.0048
      NODE  185    -0.1378    -0.0728
      NODE  186    -0.1455    -0.0840
      NODE  187     0.0383    -0.0048
      NODE  188    -0.0702    -0.0170
      NODE  189    -0.0383    -0.0048
      NODE  190    -0.0804    -0.0205
      NODE  191     0.0511    -0.0048
      NODE  192    -0.1536    -0.0899
      NODE  193     0.1567    -0.0844
      NODE  194     0.1313    -0.0515
      NODE  195    -0.0511    -0.0048
      NODE  196     0.0939    -0.0206
      NODE  197     0.1514    -0.0729
      NODE  198    -0.0000     0.0048
      NODE  199     0.0128     0.0048
      NODE  200     0.1451    -0.0623
      NODE  201    -0.0128     0.0048
      NODE  202     0.0638    -0.0048
      NODE  203     0.0255     0.0048
      NODE  204    -0.1313    -0.0515
      NODE  205    -0.0939    -0.0206
      NODE  206    -0.0255     0.0048
      NODE  207    -0.0638    -0.0048
      NODE  208     0.0383     0.0048
      NODE  209    -0.1514    -0.0729
      NODE  210    -0.0383     0.0048
      NODE  211    -0.1451    -0.0623
      NODE  212     0.0766    -0.0048
      NODE  213     0.1100    -0.0225
      NODE  214     0.0882    -0.0095
      NODE  215     0.0511     0.0048
      NODE  216    -0.1100    -0.0255
      NODE  217     0.1623    -0.0732
      NODE  218    -0.1596    -0.0788
      NODE  219    -0.0511     0.0048
      NODE  220    -0.0766    -0.0048
      NODE  221    -0.0882    -0.0095
      NODE  222     0.1487    -0.0530
      NODE  223     0.0638     0.0048
      NODE  224     0.1564    -0.0614
      NODE  225    -0.0638     0.0048
      NODE  226     0.0064     0.0170
      NODE  227     0.1017    -0.0096
      NODE  228    -0.0064     0.0170
      NODE  229     0.0192     0.0170
      NODE  230    -0.0192     0.0170
      NODE  231    -0.1487    -0.0530
      NODE  232     0.0766     0.0048
      NODE  233     0.0319     0.0170
      NODE  234    -0.1564    -0.0614
      NODE  235    -0.0319     0.0170
      NODE  236     0.1375    -0.0314
      NODE  237     0.0447     0.0170
      NODE  238    -0.0766     0.0048
      NODE  239    -0.0987    -0.0064
      NODE  240    -0.0447     0.0170
      NODE  241     0.1670    -0.0615
      NODE  242    -0.1647    -0.0674
      NODE  243     0.1505    -0.0403
      NODE  244     0.0575     0.0170
      NODE  245     0.1605    -0.0495
      NODE  246    -0.1375    -0.0314
      NODE  247     0.0882     0.0095
      NODE  248    -0.0597     0.0182
      NODE  249     0.0702     0.0170
      NODE  250    -0.1505    -0.0403
      NODE  251     0.0140     0.0296
      NODE  252    -0.0115     0.0296
      NODE  253    -0.1605    -0.0495
      NODE  254    -0.0882     0.0095
      NODE  255    -0.1100    -0.0020
      NODE  256     0.1100     0.0020
      NODE  257     0.0000     0.0319
      NODE  258     0.0396     0.0296
      NODE  259     0.0255     0.0319
      NODE  260     0.1709    -0.0496
      NODE  261    -0.1691    -0.0556
      NODE  262     0.1531    -0.0290
      NODE  263     0.1007     0.0096
      NODE  264    -0.0255     0.0319
      NODE  265     0.0804     0.0205
      NODE  266     0.1638    -0.0374
      NODE  267    -0.0383     0.0319
      NODE  268    -0.0781     0.0201
      NODE  269    -0.1017     0.0096
      NODE  270     0.0511     0.0319
      NODE  271    -0.1546    -0.0303
      NODE  272     0.0680     0.0287
      NODE  273     0.1407    -0.0105
      NODE  274    -0.0511     0.0319
      NODE  275    -0.1638    -0.0374
      NODE  276     0.0939     0.0206
      NODE  277    -0.1407    -0.0105
      NODE  278    -0.0939     0.0206
      NODE  279    -0.0694     0.0309
      NODE  280    -0.1726    -0.0435
      NODE  281     0.1740    -0.0374
      NODE  282     0.1570    -0.0168
      NODE  283     0.1661    -0.0250
      NODE  284    -0.1549    -0.0175
      NODE  285    -0.1661    -0.0250
      NODE  286    -0.0064     0.0501
      NODE  287     0.0192     0.0501
      NODE  288     0.1100     0.0255
      NODE  289     0.0940     0.0334
      NODE  290    -0.1100     0.0225
      NODE  291     0.1577    -0.0068
      NODE  292    -0.0319     0.0501
      NODE  293    -0.1752    -0.0313
      NODE  294     0.1762    -0.0250
      NODE  295     0.0818     0.0398
      NODE  296     0.0447     0.0501
      NODE  297    -0.0807     0.0382
      NODE  298    -0.0940     0.0334
      NODE  299     0.0669     0.0462
      NODE  300     0.1675    -0.0126
      NODE  301     0.1407     0.0105
      NODE  302    -0.1557    -0.0058
      NODE  303    -0.0669     0.0462
      NODE  304    -0.0486     0.0525
      NODE  305    -0.1407     0.0105
      NODE  306    -0.1675    -0.0126
      NODE  307     0.1557     0.0058
      NODE  308    -0.1770    -0.0188
      NODE  309     0.1776    -0.0126
      NODE  310     0.0940     0.0462
      NODE  311     0.1680     0.0000
      NODE  312     0.0818     0.0525
      NODE  313    -0.0940     0.0462
      NODE  314    -0.1577     0.0068
      NODE  315     0.0669     0.0589
      NODE  316    -0.0818     0.0525
      NODE  317    -0.0692     0.0577
      NODE  318    -0.1680     0.0000
      NODE  319     0.1549     0.0175
      NODE  320     0.1100     0.0462
      NODE  321     0.1375     0.0314
      NODE  322    -0.1100     0.0441
      NODE  323    -0.1779    -0.0063
      NODE  324     0.1780     0.0000
      NODE  325    -0.0192     0.0718
      NODE  326     0.0485     0.0687
      NODE  327     0.1675     0.0126
      NODE  328    -0.1570     0.0168
      NODE  329    -0.1375     0.0314
      NODE  330     0.0940     0.0589
      NODE  331     0.0245     0.0756
      NODE  332     0.0818     0.0653
      NODE  333    -0.1675     0.0126
      NODE  334    -0.0940     0.0589
      NODE  335     0.0692     0.0704
      NODE  336     0.1546     0.0303
      NODE  337    -0.0818     0.0653
      NODE  338    -0.1779     0.0063
      NODE  339     0.1776     0.0126
      NODE  340    -0.0669     0.0717
      NODE  341    -0.1531     0.0290
      NODE  342     0.0005     0.0821
      NODE  343     0.1661     0.0250
      NODE  344    -0.0486     0.0781
      NODE  345     0.1313     0.0515
      NODE  346     0.1505     0.0403
      NODE  347    -0.1661     0.0250
      NODE  348     0.1100     0.0647
      NODE  349     0.0940     0.0717
      NODE  350    -0.1313     0.0515
      NODE  351    -0.1100     0.0633
      NODE  352    -0.1770     0.0188
      NODE  353     0.1762     0.0250
      NODE  354    -0.1505     0.0403
      NODE  355     0.0818     0.0781
      NODE  356    -0.0940     0.0717
      NODE  357     0.1638     0.0374
      NODE  358    -0.0818     0.0781
      NODE  359     0.0669     0.0845
      NODE  360    -0.0669     0.0845
      NODE  361    -0.1638     0.0374
      NODE  362     0.0486     0.0908
      NODE  363     0.1487     0.0530
      NODE  364    -0.1752     0.0313
      NODE  365     0.1740     0.0374
      NODE  366     0.1222     0.0705
      NODE  367    -0.1487     0.0530
      NODE  368     0.1605     0.0495
      NODE  369    -0.0273     0.0973
      NODE  370     0.0940     0.0845
      NODE  371     0.0176     0.0995
      NODE  372    -0.1222     0.0705
      NODE  373     0.1451     0.0623
      NODE  374    -0.0940     0.0845
      NODE  375     0.0818     0.0908
      NODE  376    -0.1605     0.0495
      NODE  377     0.1100     0.0813
      NODE  378    -0.0818     0.0908
      NODE  379    -0.1100     0.0806
      NODE  380    -0.1451     0.0623
      NODE  381    -0.1726     0.0435
      NODE  382     0.1709     0.0496
      NODE  383    -0.0041     0.1061
      NODE  384     0.1564     0.0614
      NODE  385     0.1378     0.0728
      NODE  386     0.0683     0.0999
      NODE  387    -0.1564     0.0614
      NODE  388    -0.1378     0.0728
      NODE  389    -0.0664     0.1021
      NODE  390     0.1298     0.0825
      NODE  391     0.0940     0.0972
      NODE  392     0.1670     0.0615
      NODE  393    -0.1691     0.0556
      NODE  394     0.1514     0.0729
      NODE  395    -0.0940     0.0972
      NODE  396    -0.1297     0.0824
      NODE  397     0.0818     0.1036
      NODE  398    -0.0818     0.1036
      NODE  399     0.1100     0.0963
      NODE  400    -0.1514     0.0729
      NODE  401     0.0511     0.1131
      NODE  402     0.1240     0.0919
      NODE  403    -0.0448     0.1142
      NODE  404    -0.1100     0.0961
      NODE  405     0.1623     0.0732
      NODE  406    -0.1647     0.0674
      NODE  407    -0.1240     0.0917
      NODE  408     0.1455     0.0840
      NODE  409     0.0314     0.1196
      NODE  410     0.0092     0.1224
      NODE  411    -0.0236     0.1214
      NODE  412    -0.1455     0.0840
      NODE  413     0.0940     0.1100
      NODE  414    -0.0940     0.1100
      NODE  415     0.1567     0.0844
      NODE  416    -0.1596     0.0788
      NODE  417     0.0795     0.1165
      NODE  418     0.1388     0.0946
      NODE  419    -0.0795     0.1165
      NODE  420     0.1100     0.1100
      NODE  421    -0.1388     0.0946
      NODE  422    -0.1100     0.1100
      NODE  423    -0.1536     0.0899
      NODE  424     0.1504     0.0953
      NODE  425     0.1313     0.1047
      NODE  426     0.0612     0.1271
      NODE  427    -0.0643     0.1258
      NODE  428     0.1017     0.1181
      NODE  429    -0.1313     0.1047
      NODE  430    -0.1017     0.1181
      NODE  431     0.1232     0.1143
      NODE  432     0.0926     0.1254
      NODE  433    -0.1469     0.1005
      NODE  434     0.1433     0.1056
      NODE  435     0.0436     0.1371
      NODE  436     0.0210     0.1395
      NODE  437    -0.0926     0.1254
      NODE  438    -0.1232     0.1143
      NODE  439    -0.0210     0.1395
      NODE  440    -0.0422     0.1373
      NODE  441     0.0829     0.1320
      NODE  442     0.1143     0.1232
      NODE  443    -0.0018     0.1435
      NODE  444    -0.0829     0.1320
      NODE  445    -0.1394     0.1106
      NODE  446     0.1355     0.1155
      NODE  447    -0.1143     0.1232
      NODE  448    -0.0728     0.1378
      NODE  449     0.0727     0.1398
      NODE  450     0.1047     0.1313
      NODE  451     0.0623     0.1429
      NODE  452    -0.1313     0.1202
      NODE  453     0.1270     0.1247
      NODE  454    -0.0623     0.1429
      NODE  455    -0.1047     0.1313
      NODE  456     0.0946     0.1388
      NODE  457     0.0517     0.1498
      NODE  458    -0.0510     0.1490
      NODE  459    -0.0946     0.1388
      NODE  460    -0.1225     0.1292
      NODE  461     0.1179     0.1334
      NODE  462     0.0290     0.1531
      NODE  463     0.0417     0.1523
      NODE  464    -0.0290     0.1531
      NODE  465     0.0175     0.1549
      NODE  466     0.0840     0.1455
      NODE  467    -0.0175     0.1549
      NODE  468    -0.0418     0.1528
      NODE  469    -0.0840     0.1455
      NODE  470    -0.0048     0.1574
      NODE  471    -0.1131     0.1375
      NODE  472     0.1082     0.1414
      NODE  473     0.0047     0.1583
      NODE  474     0.0729     0.1514
      NODE  475    -0.0729     0.1514
      NODE  476     0.0614     0.1564
      NODE  477    -0.1031     0.1451
      NODE  478     0.0979     0.1487
      NODE  479    -0.0614     0.1564
      NODE  480     0.0495     0.1605
      NODE  481    -0.0495     0.1605
      NODE  482     0.0374     0.1638
      NODE  483    -0.0926     0.1520
      NODE  484     0.0872     0.1552
      NODE  485    -0.0374     0.1638
      NODE  486     0.0250     0.1661
      NODE  487    -0.0250     0.1661
      NODE  488     0.0126     0.1675
      NODE  489    -0.0126     0.1675
      NODE  490     0.0000     0.1680
      NODE  491     0.0760     0.1610
      NODE  492    -0.0816     0.1582
      NODE  493     0.0645     0.1659
      NODE  494    -0.0703     0.1635
      NODE  495     0.0526     0.1700
      NODE  496    -0.0586     0.1681
      NODE  497    -0.0466     0.1718
      NODE  498     0.0405     0.1733
      NODE  499    -0.0343     0.1747
      NODE  500     0.0282     0.1758
      NODE  501    -0.0219     0.1766
      NODE  502     0.0157     0.1773
      NODE  503    -0.0094     0.1778
      NODE  504     0.0031     0.1780
  NODELINE          0.0000     0.0000
     YC_ZC          0.0000     0.0000
 FIXATIONS
   END_FIX
NODOFSOLID
      ELEM     1   278  254  269    0     1     0.
      ELEM     2   254  238  221    0     1     0.
      ELEM     3   232  247  212    0     1     0.
      ELEM     4   247  276  263    0     1     0.
      ELEM     5   196  214  227    0     1     0.
      ELEM     6   214  212  247    0     1     0.
      ELEM     7   232  212  202    0     1     0.
      ELEM     8   220  221  238    0     1     0.
      ELEM     9   220  238  225    0     1     0.
      ELEM    10   221  205  239    0     1     0.
      ELEM    11   414  395  422    0     1     0.
      ELEM    12   395  374  404    0     1     0.
      ELEM    13   374  356  379    0     1     0.
      ELEM    14   356  334  351    0     1     0.
      ELEM    15   334  313  322    0     1     0.
      ELEM    16   313  298  322    0     1     0.
      ELEM    17   298  278  290    0     1     0.
      ELEM    18   225  219  207    0     1     0.
      ELEM    19   225  207  220    0     1     0.
      ELEM    20   219  210  195    0     1     0.
      ELEM    21   219  195  207    0     1     0.
      ELEM    22   210  206  189    0     1     0.
      ELEM    23   210  189  195    0     1     0.
      ELEM    24   206  201  184    0     1     0.
      ELEM    25   206  184  189    0     1     0.
      ELEM    26   201  198  180    0     1     0.
      ELEM    27   201  180  184    0     1     0.
      ELEM    28   198  199  178    0     1     0.
      ELEM    29   178  199  203    0     1     0.
      ELEM    30   203  208  182    0     1     0.
      ELEM    31   203  182  178    0     1     0.
      ELEM    32   208  215  187    0     1     0.
      ELEM    33   208  187  182    0     1     0.
      ELEM    34   215  223  191    0     1     0.
      ELEM    35   215  191  187    0     1     0.
      ELEM    36   223  232  202    0     1     0.
      ELEM    37   223  202  191    0     1     0.
      ELEM    38   276  289  288    0     1     0.
      ELEM    39   289  310  320    0     1     0.
      ELEM    40   310  330  320    0     1     0.
      ELEM    41   330  349  348    0     1     0.
      ELEM    42   349  370  377    0     1     0.
      ELEM    43   370  391  399    0     1     0.
      ELEM    44   391  413  420    0     1     0.
      ELEM    45    81   90   97    0     1     0.
      ELEM    46    90  103  108    0     1     0.
      ELEM    47   103  118  122    0     1     0.
      ELEM    48   118  136  145    0     1     0.
      ELEM    49   136  151  175    0     1     0.
      ELEM    50   151  173  175    0     1     0.
      ELEM    51   173  196  213    0     1     0.
      ELEM    52   178  177  198    0     1     0.
      ELEM    53   198  177  180    0     1     0.
      ELEM    54   205  181  216    0     1     0.
      ELEM    55   181  162  179    0     1     0.
      ELEM    56   162  141  179    0     1     0.
      ELEM    57   141  121  152    0     1     0.
      ELEM    58   121  111  132    0     1     0.
      ELEM    59   111   96  117    0     1     0.
      ELEM    60    96   87  106    0     1     0.
      ELEM    61   269  254  239    0     1     0.
      ELEM    62   278  269  290    0     1     0.
      ELEM    63   263  276  288    0     1     0.
      ELEM    64   247  263  227    0     1     0.
      ELEM    65   227  214  247    0     1     0.
      ELEM    66   196  227  213    0     1     0.
      ELEM    67   239  205  216    0     1     0.
      ELEM    68   221  239  254    0     1     0.
      ELEM    69   106  117   96    0     1     0.
      ELEM    70   420  399  391    0     1     0.
      ELEM    71   404  422  395    0     1     0.
      ELEM    72   108   97   90    0     1     0.
      ELEM    73   117  132  111    0     1     0.
      ELEM    74   399  377  370    0     1     0.
      ELEM    75   290  269  255    0     1     0.
      ELEM    76   255  269  239    0     1     0.
      ELEM    77   255  239  216    0     1     0.
      ELEM    78   213  227  256    0     1     0.
      ELEM    79   256  227  263    0     1     0.
      ELEM    80   256  263  288    0     1     0.
      ELEM    81   379  404  374    0     1     0.
      ELEM    82   122  108  103    0     1     0.
      ELEM    83   132  152  121    0     1     0.
      ELEM    84   377  348  349    0     1     0.
      ELEM    85   351  334  322    0     1     0.
      ELEM    86   145  136  175    0     1     0.
      ELEM    87   330  348  320    0     1     0.
      ELEM    88   141  152  179    0     1     0.
      ELEM    89   351  379  356    0     1     0.
      ELEM    90   145  122  118    0     1     0.
      ELEM    91   288  289  320    0     1     0.
      ELEM    92   216  181  179    0     1     0.
      ELEM    93   322  298  290    0     1     0.
      ELEM    94   175  173  213    0     1     0.
      ELEM    95   311  300  291    0     2     0.
      ELEM    96   300  283  282    0     2     0.
      ELEM    97   283  266  262    0     2     0.
      ELEM    98   266  245  243    0     2     0.
      ELEM    99   245  224  222    0     2     0.
      ELEM   100   224  197  200    0     2     0.
      ELEM   101   197  172  174    0     2     0.
      ELEM   102   172  149  148    0     2     0.
      ELEM   103   149  127  130    0     2     0.
      ELEM   104   127  112  108    0     2     0.
      ELEM   105   112   95   97    0     2     0.
      ELEM   106    95   79   83    0     2     0.
      ELEM   107    79   66   69    0     2     0.
      ELEM   108    66   57   58    0     2     0.
      ELEM   109    57   43   47    0     2     0.
      ELEM   110    43   36   41    0     2     0.
      ELEM   111    36   25   30    0     2     0.
      ELEM   112    25   17   24    0     2     0.
      ELEM   113    17    9   16    0     2     0.
      ELEM   114     9    5   12    0     2     0.
      ELEM   115     5    2    7    0     2     0.
      ELEM   116     2    6    8    0     2     0.
      ELEM   117     6   13   14    0     2     0.
      ELEM   118    13   22   20    0     2     0.
      ELEM   119    22   29   28    0     2     0.
      ELEM   120    29   40   34    0     2     0.
      ELEM   121    40   49   42    0     2     0.
      ELEM   122    49   59   54    0     2     0.
      ELEM   123    59   71   60    0     2     0.
      ELEM   124    71   86   75    0     2     0.
      ELEM   125    86  101   88    0     2     0.
      ELEM   126   101  120  106    0     2     0.
      ELEM   127   120  139  117    0     2     0.
      ELEM   128   139  163  140    0     2     0.
      ELEM   129   163  186  161    0     2     0.
      ELEM   130   186  209  185    0     2     0.
      ELEM   131   209  234  211    0     2     0.
      ELEM   132   234  253  231    0     2     0.
      ELEM   133   253  275  250    0     2     0.
      ELEM   134   275  285  271    0     2     0.
      ELEM   135   285  306  284    0     2     0.
      ELEM   136   306  318  302    0     2     0.
      ELEM   137   318  333  314    0     2     0.
      ELEM   138   333  347  328    0     2     0.
      ELEM   139   347  361  341    0     2     0.
      ELEM   140   361  376  354    0     2     0.
      ELEM   141   376  387  367    0     2     0.
      ELEM   142   387  400  380    0     2     0.
      ELEM   143   400  412  388    0     2     0.
      ELEM   144   412  421  396    0     2     0.
      ELEM   145   421  429  407    0     2     0.
      ELEM   146   429  438  404    0     2     0.
      ELEM   147   438  447  422    0     2     0.
      ELEM   148   447  455  430    0     2     0.
      ELEM   149   455  459  437    0     2     0.
      ELEM   150   459  469  444    0     2     0.
      ELEM   151   469  475  448    0     2     0.
      ELEM   152   475  479  454    0     2     0.
      ELEM   153   479  481  458    0     2     0.
      ELEM   154   481  485  468    0     2     0.
      ELEM   155   485  487  464    0     2     0.
      ELEM   156   487  489  467    0     2     0.
      ELEM   157   489  490  470    0     2     0.
      ELEM   158   490  488  473    0     2     0.
      ELEM   159   488  486  465    0     2     0.
      ELEM   160   486  482  462    0     2     0.
      ELEM   161   482  480  463    0     2     0.
      ELEM   162   480  476  457    0     2     0.
      ELEM   163   476  474  451    0     2     0.
      ELEM   164   474  466  449    0     2     0.
      ELEM   165   466  456  441    0     2     0.
      ELEM   166   456  450  432    0     2     0.
      ELEM   167   450  442  428    0     2     0.
      ELEM   168   442  431  420    0     2     0.
      ELEM   169   431  425  399    0     2     0.
      ELEM   170   425  418  402    0     2     0.
      ELEM   171   418  408  390    0     2     0.
      ELEM   172   408  394  385    0     2     0.
      ELEM   173   394  384  373    0     2     0.
      ELEM   174   384  368  363    0     2     0.
      ELEM   175   368  357  346    0     2     0.
      ELEM   176   357  343  336    0     2     0.
      ELEM   177   343  327  319    0     2     0.
      ELEM   178   327  311  307    0     2     0.
      ELEM   179   205  221  190    0     2     0.
      ELEM   180   221  220  190    0     2     0.
      ELEM   181   212  214  183    0     2     0.
      ELEM   182   214  196  183    0     2     0.
      ELEM   183   276  247  265    0     2     0.
      ELEM   184   247  232  265    0     2     0.
      ELEM   185   238  254  268    0     2     0.
      ELEM   186   254  278  268    0     2     0.
      ELEM   187    87   96   82    0     2     0.
      ELEM   188    96  111   91    0     2     0.
      ELEM   189   111  121  105    0     2     0.
      ELEM   190   121  141  119    0     2     0.
      ELEM   191   141  162  138    0     2     0.
      ELEM   192   162  181  158    0     2     0.
      ELEM   193   181  205  190    0     2     0.
      ELEM   194   220  207  188    0     2     0.
      ELEM   195   207  195  176    0     2     0.
      ELEM   196   195  189  168    0     2     0.
      ELEM   197   189  184  164    0     2     0.
      ELEM   198   184  180  159    0     2     0.
      ELEM   199   180  177  155    0     2     0.
      ELEM   200   177  178  154    0     2     0.
      ELEM   201   178  182  157    0     2     0.
      ELEM   202   182  187  160    0     2     0.
      ELEM   203   187  191  167    0     2     0.
      ELEM   204   191  202  171    0     2     0.
      ELEM   205   202  212  183    0     2     0.
      ELEM   206   196  173  183    0     2     0.
      ELEM   207   173  151  150    0     2     0.
      ELEM   208   151  136  129    0     2     0.
      ELEM   209   136  118  115    0     2     0.
      ELEM   210   118  103   98    0     2     0.
      ELEM   211   103   90   85    0     2     0.
      ELEM   212    90   81   74    0     2     0.
      ELEM   213   413  391  397    0     2     0.
      ELEM   214   391  370  375    0     2     0.
      ELEM   215   370  349  355    0     2     0.
      ELEM   216   349  330  332    0     2     0.
      ELEM   217   330  310  312    0     2     0.
      ELEM   218   310  289  295    0     2     0.
      ELEM   219   289  276  265    0     2     0.
      ELEM   220   232  223  249    0     2     0.
      ELEM   221   223  215  244    0     2     0.
      ELEM   222   215  208  237    0     2     0.
      ELEM   223   208  203  233    0     2     0.
      ELEM   224   203  199  229    0     2     0.
      ELEM   225   199  198  226    0     2     0.
      ELEM   226   198  201  228    0     2     0.
      ELEM   227   201  206  230    0     2     0.
      ELEM   228   206  210  235    0     2     0.
      ELEM   229   210  219  240    0     2     0.
      ELEM   230   219  225  248    0     2     0.
      ELEM   231   225  238  268    0     2     0.
      ELEM   232   278  298  268    0     2     0.
      ELEM   233   298  313  297    0     2     0.
      ELEM   234   313  334  316    0     2     0.
      ELEM   235   334  356  337    0     2     0.
      ELEM   236   356  374  358    0     2     0.
      ELEM   237   374  395  378    0     2     0.
      ELEM   238   395  414  398    0     2     0.
      ELEM   239   117  106  120    0     2     0.
      ELEM   240   399  420  431    0     2     0.
      ELEM   241   291  300  282    0     2     0.
      ELEM   242   291  282  273    0     2     0.
      ELEM   243   311  291  307    0     2     0.
      ELEM   244   307  291  273    0     2     0.
      ELEM   245   282  283  262    0     2     0.
      ELEM   246   282  262  273    0     2     0.
      ELEM   247   262  266  243    0     2     0.
      ELEM   248   262  243  236    0     2     0.
      ELEM   249   243  245  222    0     2     0.
      ELEM   250   243  194  236    0     2     0.
      ELEM   251   222  224  200    0     2     0.
      ELEM   252   222  200  194    0     2     0.
      ELEM   253   200  197  174    0     2     0.
      ELEM   254   200  174  194    0     2     0.
      ELEM   255   174  172  148    0     2     0.
      ELEM   256   174  148  153    0     2     0.
      ELEM   257   148  149  130    0     2     0.
      ELEM   258   148  130  122    0     2     0.
      ELEM   259   130  127  108    0     2     0.
      ELEM   260    83   79   69    0     2     0.
      ELEM   261    83   69   81    0     2     0.
      ELEM   262    83   81   97    0     2     0.
      ELEM   263    83   97   95    0     2     0.
      ELEM   264    69   66   58    0     2     0.
      ELEM   265    69   58   61    0     2     0.
      ELEM   266    58   57   47    0     2     0.
      ELEM   267    58   48   61    0     2     0.
      ELEM   268    47   43   41    0     2     0.
      ELEM   269    47   41   48    0     2     0.
      ELEM   270    41   36   30    0     2     0.
      ELEM   271    41   31   48    0     2     0.
      ELEM   272    30   25   24    0     2     0.
      ELEM   273    30   24   31    0     2     0.
      ELEM   274    24   17   16    0     2     0.
      ELEM   275    24   16   31    0     2     0.
      ELEM   276    16    9   12    0     2     0.
      ELEM   277    16   12   21    0     2     0.
      ELEM   278    12    5    7    0     2     0.
      ELEM   279    12   15   21    0     2     0.
      ELEM   280     7    2    8    0     2     0.
      ELEM   281     7    8   15    0     2     0.
      ELEM   282     8    6   14    0     2     0.
      ELEM   283     8   14   15    0     2     0.
      ELEM   284    14   13   20    0     2     0.
      ELEM   285    14   20   23    0     2     0.
      ELEM   286    20   22   28    0     2     0.
      ELEM   287    20   35   23    0     2     0.
      ELEM   288    28   29   34    0     2     0.
      ELEM   289    28   34   35    0     2     0.
      ELEM   290    34   40   42    0     2     0.
      ELEM   291    34   42   35    0     2     0.
      ELEM   292    42   49   54    0     2     0.
      ELEM   293    42   54   51    0     2     0.
      ELEM   294    54   59   60    0     2     0.
      ELEM   295    54   60   51    0     2     0.
      ELEM   296    60   71   75    0     2     0.
      ELEM   297    60   75   68    0     2     0.
      ELEM   298    75   86   88    0     2     0.
      ELEM   299    75   88   87    0     2     0.
      ELEM   300    87   88  106    0     2     0.
      ELEM   301   106   88  101    0     2     0.
      ELEM   302   140  163  161    0     2     0.
      ELEM   303   140  161  132    0     2     0.
      ELEM   304   139  140  117    0     2     0.
      ELEM   305   161  186  185    0     2     0.
      ELEM   306   161  185  165    0     2     0.
      ELEM   307   185  209  211    0     2     0.
      ELEM   308   185  204  165    0     2     0.
      ELEM   309   211  234  231    0     2     0.
      ELEM   310   211  231  204    0     2     0.
      ELEM   311   231  253  250    0     2     0.
      ELEM   312   231  250  204    0     2     0.
      ELEM   313   250  275  271    0     2     0.
      ELEM   314   250  271  246    0     2     0.
      ELEM   315   271  285  284    0     2     0.
      ELEM   316   271  284  246    0     2     0.
      ELEM   317   284  306  302    0     2     0.
      ELEM   318   284  302  277    0     2     0.
      ELEM   319   302  318  314    0     2     0.
      ELEM   320   302  305  277    0     2     0.
      ELEM   321   314  333  328    0     2     0.
      ELEM   322   314  328  305    0     2     0.
      ELEM   323   328  347  341    0     2     0.
      ELEM   324   328  341  305    0     2     0.
      ELEM   325   341  361  354    0     2     0.
      ELEM   326   341  354  329    0     2     0.
      ELEM   327   354  376  367    0     2     0.
      ELEM   328   354  350  329    0     2     0.
      ELEM   329   367  387  380    0     2     0.
      ELEM   330   367  380  350    0     2     0.
      ELEM   331   380  400  388    0     2     0.
      ELEM   332   380  388  350    0     2     0.
      ELEM   333   388  412  396    0     2     0.
      ELEM   334   388  396  372    0     2     0.
      ELEM   335   396  421  407    0     2     0.
      ELEM   336   396  407  379    0     2     0.
      ELEM   337   407  429  404    0     2     0.
      ELEM   338   430  455  437    0     2     0.
      ELEM   339   430  437  414    0     2     0.
      ELEM   340   430  414  422    0     2     0.
      ELEM   341   430  422  447    0     2     0.
      ELEM   342   437  459  444    0     2     0.
      ELEM   343   437  444  419    0     2     0.
      ELEM   344   444  469  448    0     2     0.
      ELEM   345   444  427  419    0     2     0.
      ELEM   346   448  475  454    0     2     0.
      ELEM   347   448  454  427    0     2     0.
      ELEM   348   454  479  458    0     2     0.
      ELEM   349   454  440  427    0     2     0.
      ELEM   350   458  481  468    0     2     0.
      ELEM   351   458  468  440    0     2     0.
      ELEM   352   468  485  464    0     2     0.
      ELEM   353   468  464  440    0     2     0.
      ELEM   354   464  487  467    0     2     0.
      ELEM   355   464  467  439    0     2     0.
      ELEM   356   467  489  470    0     2     0.
      ELEM   357   467  443  439    0     2     0.
      ELEM   358   470  490  473    0     2     0.
      ELEM   359   470  473  443    0     2     0.
      ELEM   360   473  488  465    0     2     0.
      ELEM   361   473  465  443    0     2     0.
      ELEM   362   465  486  462    0     2     0.
      ELEM   363   465  462  436    0     2     0.
      ELEM   364   462  482  463    0     2     0.
      ELEM   365   462  435  436    0     2     0.
      ELEM   366   463  480  457    0     2     0.
      ELEM   367   463  457  435    0     2     0.
      ELEM   368   457  476  451    0     2     0.
      ELEM   369   457  451  435    0     2     0.
      ELEM   370   451  474  449    0     2     0.
      ELEM   371   451  449  426    0     2     0.
      ELEM   372   449  466  441    0     2     0.
      ELEM   373   449  441  426    0     2     0.
      ELEM   374   441  456  432    0     2     0.
      ELEM   375   441  432  417    0     2     0.
      ELEM   376   432  450  428    0     2     0.
      ELEM   377   432  428  413    0     2     0.
      ELEM   378   413  428  420    0     2     0.
      ELEM   379   420  428  442    0     2     0.
      ELEM   380   402  418  390    0     2     0.
      ELEM   381   402  390  377    0     2     0.
      ELEM   382   425  402  399    0     2     0.
      ELEM   383   390  408  385    0     2     0.
      ELEM   384   390  385  366    0     2     0.
      ELEM   385   385  394  373    0     2     0.
      ELEM   386   385  345  366    0     2     0.
      ELEM   387   373  384  363    0     2     0.
      ELEM   388   373  363  345    0     2     0.
      ELEM   389   363  368  346    0     2     0.
      ELEM   390   363  346  345    0     2     0.
      ELEM   391   346  357  336    0     2     0.
      ELEM   392   346  336  321    0     2     0.
      ELEM   393   336  343  319    0     2     0.
      ELEM   394   336  319  321    0     2     0.
      ELEM   395   319  327  307    0     2     0.
      ELEM   396   319  307  301    0     2     0.
      ELEM   397    96   91   82    0     2     0.
      ELEM   398    82   91   72    0     2     0.
      ELEM   399   105  121  119    0     2     0.
      ELEM   400   105  119   99    0     2     0.
      ELEM   401   119  141  138    0     2     0.
      ELEM   402   119  138  116    0     2     0.
      ELEM   403   138  162  158    0     2     0.
      ELEM   404   138  158  134    0     2     0.
      ELEM   405   158  181  190    0     2     0.
      ELEM   406   188  207  176    0     2     0.
      ELEM   407   188  176  166    0     2     0.
      ELEM   408   220  188  190    0     2     0.
      ELEM   409   190  188  166    0     2     0.
      ELEM   410   176  195  168    0     2     0.
      ELEM   411   176  168  144    0     2     0.
      ELEM   412   168  189  164    0     2     0.
      ELEM   413   168  164  143    0     2     0.
      ELEM   414   164  184  159    0     2     0.
      ELEM   415   164  159  133    0     2     0.
      ELEM   416   159  180  155    0     2     0.
      ELEM   417   159  155  135    0     2     0.
      ELEM   418   155  177  154    0     2     0.
      ELEM   419   155  154  123    0     2     0.
      ELEM   420   154  178  157    0     2     0.
      ELEM   421   154  157  131    0     2     0.
      ELEM   422   157  182  160    0     2     0.
      ELEM   423   157  160  128    0     2     0.
      ELEM   424   160  187  167    0     2     0.
      ELEM   425   160  167  137    0     2     0.
      ELEM   426   167  191  171    0     2     0.
      ELEM   427   167  171  142    0     2     0.
      ELEM   428   171  202  183    0     2     0.
      ELEM   429   150  151  129    0     2     0.
      ELEM   430   150  129  126    0     2     0.
      ELEM   431   173  150  183    0     2     0.
      ELEM   432   129  136  115    0     2     0.
      ELEM   433   129  115  114    0     2     0.
      ELEM   434   115  118   98    0     2     0.
      ELEM   435   115   98   94    0     2     0.
      ELEM   436    98  103   85    0     2     0.
      ELEM   437    98   85   80    0     2     0.
      ELEM   438    85   90   74    0     2     0.
      ELEM   439    85   74   63    0     2     0.
      ELEM   440    74   81   61    0     2     0.
      ELEM   441    74   61   63    0     2     0.
      ELEM   442   397  391  375    0     2     0.
      ELEM   443   397  375  386    0     2     0.
      ELEM   444   413  397  417    0     2     0.
      ELEM   445   417  397  386    0     2     0.
      ELEM   446   375  370  355    0     2     0.
      ELEM   447   375  355  359    0     2     0.
      ELEM   448   355  349  332    0     2     0.
      ELEM   449   355  332  335    0     2     0.
      ELEM   450   332  330  312    0     2     0.
      ELEM   451   332  312  315    0     2     0.
      ELEM   452   312  310  295    0     2     0.
      ELEM   453   312  295  299    0     2     0.
      ELEM   454   295  289  265    0     2     0.
      ELEM   455   249  223  244    0     2     0.
      ELEM   456   249  244  272    0     2     0.
      ELEM   457   232  249  265    0     2     0.
      ELEM   458   265  249  272    0     2     0.
      ELEM   459   244  215  237    0     2     0.
      ELEM   460   244  237  270    0     2     0.
      ELEM   461   237  208  233    0     2     0.
      ELEM   462   237  233  258    0     2     0.
      ELEM   463   233  203  229    0     2     0.
      ELEM   464   233  229  259    0     2     0.
      ELEM   465   229  199  226    0     2     0.
      ELEM   466   229  226  251    0     2     0.
      ELEM   467   226  198  228    0     2     0.
      ELEM   468   226  228  257    0     2     0.
      ELEM   469   228  201  230    0     2     0.
      ELEM   470   228  230  252    0     2     0.
      ELEM   471   230  206  235    0     2     0.
      ELEM   472   230  235  264    0     2     0.
      ELEM   473   235  210  240    0     2     0.
      ELEM   474   235  240  267    0     2     0.
      ELEM   475   240  219  248    0     2     0.
      ELEM   476   240  248  274    0     2     0.
      ELEM   477   248  225  268    0     2     0.
      ELEM   478   422  404  438    0     2     0.
      ELEM   479    97  108  112    0     2     0.
      ELEM   480    87   82   68    0     2     0.
      ELEM   481    68   82   72    0     2     0.
      ELEM   482    91  111  105    0     2     0.
      ELEM   483    91  105   84    0     2     0.
      ELEM   484   297  313  316    0     2     0.
      ELEM   485   297  316  303    0     2     0.
      ELEM   486   298  297  268    0     2     0.
      ELEM   487   316  334  337    0     2     0.
      ELEM   488   316  337  317    0     2     0.
      ELEM   489   337  356  358    0     2     0.
      ELEM   490   337  358  340    0     2     0.
      ELEM   491   358  374  378    0     2     0.
      ELEM   492   358  378  360    0     2     0.
      ELEM   493   378  395  398    0     2     0.
      ELEM   494   378  398  389    0     2     0.
      ELEM   495   398  414  419    0     2     0.
      ELEM   496   398  419  389    0     2     0.
      ELEM   497   132  117  140    0     2     0.
      ELEM   498   377  399  402    0     2     0.
      ELEM   499   404  379  407    0     2     0.
      ELEM   500   108  122  130    0     2     0.
      ELEM   501    81   69   61    0     2     0.
      ELEM   502    75   87   68    0     2     0.
      ELEM   503   414  437  419    0     2     0.
      ELEM   504   432  413  417    0     2     0.
      ELEM   505   262  236  273    0     2     0.
      ELEM   506   222  194  243    0     2     0.
      ELEM   507   153  148  122    0     2     0.
      ELEM   508   174  153  194    0     2     0.
      ELEM   509    47   48   58    0     2     0.
      ELEM   510    30   31   41    0     2     0.
      ELEM   511    16   21   31    0     2     0.
      ELEM   512     7   15   12    0     2     0.
      ELEM   513    14   23   15    0     2     0.
      ELEM   514    28   35   20    0     2     0.
      ELEM   515    42   51   35    0     2     0.
      ELEM   516    60   68   51    0     2     0.
      ELEM   517   161  165  132    0     2     0.
      ELEM   518   211  204  185    0     2     0.
      ELEM   519   250  246  204    0     2     0.
      ELEM   520   284  277  246    0     2     0.
      ELEM   521   314  305  302    0     2     0.
      ELEM   522   341  329  305    0     2     0.
      ELEM   523   367  350  354    0     2     0.
      ELEM   524   372  396  379    0     2     0.
      ELEM   525   388  372  350    0     2     0.
      ELEM   526   448  427  444    0     2     0.
      ELEM   527   458  440  454    0     2     0.
      ELEM   528   464  439  440    0     2     0.
      ELEM   529   470  443  467    0     2     0.
      ELEM   530   465  436  443    0     2     0.
      ELEM   531   463  435  462    0     2     0.
      ELEM   532   451  426  435    0     2     0.
      ELEM   533   441  417  426    0     2     0.
      ELEM   534   390  366  377    0     2     0.
      ELEM   535   373  345  385    0     2     0.
      ELEM   536   346  321  345    0     2     0.
      ELEM   537   301  307  273    0     2     0.
      ELEM   538   319  301  321    0     2     0.
      ELEM   539   153  122  145    0     2     0.
      ELEM   540   153  145  194    0     2     0.
      ELEM   541   372  379  351    0     2     0.
      ELEM   542   372  351  350    0     2     0.
      ELEM   543    72   91   84    0     2     0.
      ELEM   544    72   84   67    0     2     0.
      ELEM   545    99  119  116    0     2     0.
      ELEM   546    99  116   89    0     2     0.
      ELEM   547   105   99   84    0     2     0.
      ELEM   548    84   99   67    0     2     0.
      ELEM   549   116  138  134    0     2     0.
      ELEM   550   116  113   89    0     2     0.
      ELEM   551   134  158  166    0     2     0.
      ELEM   552   134  166  144    0     2     0.
      ELEM   553   144  166  176    0     2     0.
      ELEM   554   144  168  143    0     2     0.
      ELEM   555   144  143  113    0     2     0.
      ELEM   556   143  164  133    0     2     0.
      ELEM   557   143  133  113    0     2     0.
      ELEM   558   133  159  135    0     2     0.
      ELEM   559   133  135  102    0     2     0.
      ELEM   560   135  155  123    0     2     0.
      ELEM   561   135  123  102    0     2     0.
      ELEM   562   123  154  131    0     2     0.
      ELEM   563   123  131  100    0     2     0.
      ELEM   564   131  157  128    0     2     0.
      ELEM   565   131  128  100    0     2     0.
      ELEM   566   128  160  137    0     2     0.
      ELEM   567   128  137  104    0     2     0.
      ELEM   568   137  167  142    0     2     0.
      ELEM   569   137  107  104    0     2     0.
      ELEM   570   142  171  156    0     2     0.
      ELEM   571   126  129  114    0     2     0.
      ELEM   572   126  114  107    0     2     0.
      ELEM   573   150  126  156    0     2     0.
      ELEM   574   150  156  183    0     2     0.
      ELEM   575   183  156  171    0     2     0.
      ELEM   576   156  126  142    0     2     0.
      ELEM   577   114  115   94    0     2     0.
      ELEM   578   114   94  107    0     2     0.
      ELEM   579    94   98   80    0     2     0.
      ELEM   580    94   80   76    0     2     0.
      ELEM   581    80   85   63    0     2     0.
      ELEM   582    80   63   76    0     2     0.
      ELEM   583   386  375  359    0     2     0.
      ELEM   584   386  359  362    0     2     0.
      ELEM   585   359  355  335    0     2     0.
      ELEM   586   359  326  362    0     2     0.
      ELEM   587   335  332  315    0     2     0.
      ELEM   588   335  315  326    0     2     0.
      ELEM   589   315  312  299    0     2     0.
      ELEM   590   315  296  326    0     2     0.
      ELEM   591   299  295  272    0     2     0.
      ELEM   592   299  272  270    0     2     0.
      ELEM   593   270  272  244    0     2     0.
      ELEM   594   270  237  258    0     2     0.
      ELEM   595   270  258  296    0     2     0.
      ELEM   596   258  233  259    0     2     0.
      ELEM   597   258  259  296    0     2     0.
      ELEM   598   259  229  251    0     2     0.
      ELEM   599   259  251  287    0     2     0.
      ELEM   600   251  226  257    0     2     0.
      ELEM   601   251  257  287    0     2     0.
      ELEM   602   257  228  252    0     2     0.
      ELEM   603   257  252  286    0     2     0.
      ELEM   604   252  230  264    0     2     0.
      ELEM   605   252  264  286    0     2     0.
      ELEM   606   264  235  267    0     2     0.
      ELEM   607   264  267  292    0     2     0.
      ELEM   608   267  240  274    0     2     0.
      ELEM   609   267  304  292    0     2     0.
      ELEM   610   274  248  279    0     2     0.
      ELEM   611   303  316  317    0     2     0.
      ELEM   612   303  317  304    0     2     0.
      ELEM   613   297  303  279    0     2     0.
      ELEM   614   297  279  268    0     2     0.
      ELEM   615   268  279  248    0     2     0.
      ELEM   616   279  303  274    0     2     0.
      ELEM   617   317  337  340    0     2     0.
      ELEM   618   317  340  304    0     2     0.
      ELEM   619   340  358  360    0     2     0.
      ELEM   620   340  360  344    0     2     0.
      ELEM   621   360  378  389    0     2     0.
      ELEM   622   360  389  344    0     2     0.
      ELEM   623   132  165  152    0     2     0.
      ELEM   624   152  165  204    0     2     0.
      ELEM   625   377  366  348    0     2     0.
      ELEM   626   348  366  345    0     2     0.
      ELEM   627   179  152  204    0     2     0.
      ELEM   628   320  348  345    0     2     0.
      ELEM   629   351  322  350    0     2     0.
      ELEM   630   145  175  194    0     2     0.
      ELEM   631   158  190  166    0     2     0.
      ELEM   632   295  265  272    0     2     0.
      ELEM   633    72   67   53    0     2     0.
      ELEM   634    99   89   67    0     2     0.
      ELEM   635   144  113  134    0     2     0.
      ELEM   636   133  102  113    0     2     0.
      ELEM   637   123  100  102    0     2     0.
      ELEM   638   128  104  100    0     2     0.
      ELEM   639   126  107  142    0     2     0.
      ELEM   640    94   76  107    0     2     0.
      ELEM   641   386  362  401    0     2     0.
      ELEM   642   335  326  359    0     2     0.
      ELEM   643   270  296  299    0     2     0.
      ELEM   644   259  287  296    0     2     0.
      ELEM   645   257  286  287    0     2     0.
      ELEM   646   264  292  286    0     2     0.
      ELEM   647   303  304  274    0     2     0.
      ELEM   648   340  344  304    0     2     0.
      ELEM   649   216  179  246    0     2     0.
      ELEM   650   288  320  321    0     2     0.
      ELEM   651   142  107  137    0     2     0.
      ELEM   652   104  107   76    0     2     0.
      ELEM   653   274  304  267    0     2     0.
      ELEM   654   292  304  344    0     2     0.
      ELEM   655   273  236  213    0     2     0.
      ELEM   656   236  194  175    0     2     0.
      ELEM   657    61   48   63    0     2     0.
      ELEM   658    48   31   46    0     2     0.
      ELEM   659    46   31   33    0     2     0.
      ELEM   660    48   46   63    0     2     0.
      ELEM   661    31   21   33    0     2     0.
      ELEM   662    33   21   15    0     2     0.
      ELEM   663    15   23   32    0     2     0.
      ELEM   664    32   23   39    0     2     0.
      ELEM   665    15   32   33    0     2     0.
      ELEM   666    23   35   39    0     2     0.
      ELEM   667    39   35   53    0     2     0.
      ELEM   668    39   53   67    0     2     0.
      ELEM   669    35   51   53    0     2     0.
      ELEM   670    53   51   68    0     2     0.
      ELEM   671   204  246  179    0     2     0.
      ELEM   672   246  277  216    0     2     0.
      ELEM   673   277  305  255    0     2     0.
      ELEM   674   305  329  290    0     2     0.
      ELEM   675   329  350  322    0     2     0.
      ELEM   676   419  427  389    0     2     0.
      ELEM   677   427  440  403    0     2     0.
      ELEM   678   403  440  411    0     2     0.
      ELEM   679   427  403  389    0     2     0.
      ELEM   680   440  439  411    0     2     0.
      ELEM   681   411  439  443    0     2     0.
      ELEM   682   443  436  410    0     2     0.
      ELEM   683   410  436  409    0     2     0.
      ELEM   684   443  410  411    0     2     0.
      ELEM   685   436  435  409    0     2     0.
      ELEM   686   409  435  401    0     2     0.
      ELEM   687   409  401  362    0     2     0.
      ELEM   688   435  426  401    0     2     0.
      ELEM   689   401  426  417    0     2     0.
      ELEM   690   345  321  320    0     2     0.
      ELEM   691   301  273  256    0     2     0.
      ELEM   692   321  301  288    0     2     0.
      ELEM   693   322  290  329    0     2     0.
      ELEM   694   175  213  236    0     2     0.
      ELEM   695    72   53   68    0     2     0.
      ELEM   696   386  401  417    0     2     0.
      ELEM   697    46   33   52    0     2     0.
      ELEM   698    32   39   50    0     2     0.
      ELEM   699   403  411  369    0     2     0.
      ELEM   700   410  409  371    0     2     0.
      ELEM   701   134  113  116    0     2     0.
      ELEM   702    89  113  102    0     2     0.
      ELEM   703   299  296  315    0     2     0.
      ELEM   704   326  296  287    0     2     0.
      ELEM   705   255  216  277    0     2     0.
      ELEM   706   256  288  301    0     2     0.
      ELEM   707    52   33   32    0     2     0.
      ELEM   708    46   52   76    0     2     0.
      ELEM   709    50   39   67    0     2     0.
      ELEM   710    32   50   52    0     2     0.
      ELEM   711   369  411  383    0     2     0.
      ELEM   712   403  369  344    0     2     0.
      ELEM   713   371  409  362    0     2     0.
      ELEM   714   410  371  383    0     2     0.
      ELEM   715   410  383  411    0     2     0.
      ELEM   716   383  371  342    0     2     0.
      ELEM   717   290  255  305    0     2     0.
      ELEM   718   213  256  273    0     2     0.
      ELEM   719   342  371  331    0     2     0.
      ELEM   720   383  342  369    0     2     0.
      ELEM   721   331  371  362    0     2     0.
      ELEM   722   342  331  287    0     2     0.
      ELEM   723    67   89   70    0     2     0.
      ELEM   724    70   89  102    0     2     0.
      ELEM   725    67   70   50    0     2     0.
      ELEM   726    50   70   62    0     2     0.
      ELEM   727    62   70  102    0     2     0.
      ELEM   728    50   62   52    0     2     0.
      ELEM   729   102  100   62    0     2     0.
      ELEM   730   100  104   73    0     2     0.
      ELEM   731    73  104   76    0     2     0.
      ELEM   732   100   73   62    0     2     0.
      ELEM   733    62   73   52    0     2     0.
      ELEM   734   362  326  331    0     2     0.
      ELEM   735   287  286  342    0     2     0.
      ELEM   736   286  292  325    0     2     0.
      ELEM   737   325  292  344    0     2     0.
      ELEM   738   286  325  342    0     2     0.
      ELEM   739   342  325  369    0     2     0.
      ELEM   740   287  331  326    0     2     0.
      ELEM   741    76   63   46    0     2     0.
      ELEM   742   344  389  403    0     2     0.
      ELEM   743    52   73   76    0     2     0.
      ELEM   744   369  325  344    0     2     0.
      ELEM   745   324  309  311    0     1     0.
      ELEM   746   324  311  339    0     1     0.
      ELEM   747   309  294  300    0     1     0.
      ELEM   748   309  300  311    0     1     0.
      ELEM   749   294  281  283    0     1     0.
      ELEM   750   294  283  300    0     1     0.
      ELEM   751   281  260  266    0     1     0.
      ELEM   752   281  266  283    0     1     0.
      ELEM   753   260  241  245    0     1     0.
      ELEM   754   260  245  266    0     1     0.
      ELEM   755   241  217  224    0     1     0.
      ELEM   756   241  224  245    0     1     0.
      ELEM   757   217  193  197    0     1     0.
      ELEM   758   217  197  224    0     1     0.
      ELEM   759   193  170  172    0     1     0.
      ELEM   760   193  172  197    0     1     0.
      ELEM   761   172  170  149    0     1     0.
      ELEM   762   149  170  147    0     1     0.
      ELEM   763   149  147  127    0     1     0.
      ELEM   764   127  147  125    0     1     0.
      ELEM   765   127  125  112    0     1     0.
      ELEM   766   112  109   95    0     1     0.
      ELEM   767   125  109  112    0     1     0.
      ELEM   768    93   78   79    0     1     0.
      ELEM   769    79   78   66    0     1     0.
      ELEM   770    78   65   66    0     1     0.
      ELEM   771    66   65   57    0     1     0.
      ELEM   772    65   55   57    0     1     0.
      ELEM   773    57   55   43    0     1     0.
      ELEM   774    55   44   43    0     1     0.
      ELEM   775    43   44   36    0     1     0.
      ELEM   776    44   37   36    0     1     0.
      ELEM   777    36   37   25    0     1     0.
      ELEM   778    37   26   25    0     1     0.
      ELEM   779    25   26   19    0     1     0.
      ELEM   780    19   11   17    0     1     0.
      ELEM   781    19   17   25    0     1     0.
      ELEM   782    11    4    9    0     1     0.
      ELEM   783    11    9   17    0     1     0.
      ELEM   784     4    1    5    0     1     0.
      ELEM   785     4    5    9    0     1     0.
      ELEM   786     1    3    2    0     1     0.
      ELEM   787     1    2    5    0     1     0.
      ELEM   788     3   10    6    0     1     0.
      ELEM   789     3    6    2    0     1     0.
      ELEM   790    10   18   13    0     1     0.
      ELEM   791    10   13    6    0     1     0.
      ELEM   792    18   27   22    0     1     0.
      ELEM   793    18   22   13    0     1     0.
      ELEM   794    22   27   29    0     1     0.
      ELEM   795    29   27   38    0     1     0.
      ELEM   796    29   38   40    0     1     0.
      ELEM   797    40   38   45    0     1     0.
      ELEM   798    40   45   49    0     1     0.
      ELEM   799    49   56   59    0     1     0.
      ELEM   800    45   56   49    0     1     0.
      ELEM   801    64   77   71    0     1     0.
      ELEM   802    71   77   86    0     1     0.
      ELEM   803    77   92   86    0     1     0.
      ELEM   804    86   92  101    0     1     0.
      ELEM   805    92  110  101    0     1     0.
      ELEM   806   101  110  120    0     1     0.
      ELEM   807   110  124  120    0     1     0.
      ELEM   808   120  124  139    0     1     0.
      ELEM   809   124  146  139    0     1     0.
      ELEM   810   139  146  163    0     1     0.
      ELEM   811   146  169  163    0     1     0.
      ELEM   812   163  169  192    0     1     0.
      ELEM   813   192  218  186    0     1     0.
      ELEM   814   192  186  163    0     1     0.
      ELEM   815   218  242  209    0     1     0.
      ELEM   816   218  209  186    0     1     0.
      ELEM   817   242  261  234    0     1     0.
      ELEM   818   242  234  209    0     1     0.
      ELEM   819   261  280  253    0     1     0.
      ELEM   820   261  253  234    0     1     0.
      ELEM   821   280  293  275    0     1     0.
      ELEM   822   280  275  253    0     1     0.
      ELEM   823   293  308  285    0     1     0.
      ELEM   824   293  285  275    0     1     0.
      ELEM   825   308  323  306    0     1     0.
      ELEM   826   308  306  285    0     1     0.
      ELEM   827   306  323  318    0     1     0.
      ELEM   828   318  323  338    0     1     0.
      ELEM   829   318  338  333    0     1     0.
      ELEM   830   333  338  352    0     1     0.
      ELEM   831   333  352  347    0     1     0.
      ELEM   832   352  364  347    0     1     0.
      ELEM   833   347  364  361    0     1     0.
      ELEM   834   364  381  361    0     1     0.
      ELEM   835   361  381  376    0     1     0.
      ELEM   836   381  393  376    0     1     0.
      ELEM   837   376  393  387    0     1     0.
      ELEM   838   393  406  387    0     1     0.
      ELEM   839   387  406  400    0     1     0.
      ELEM   840   406  416  400    0     1     0.
      ELEM   841   400  416  412    0     1     0.
      ELEM   842   416  423  412    0     1     0.
      ELEM   843   412  423  421    0     1     0.
      ELEM   844   423  433  421    0     1     0.
      ELEM   845   421  433  445    0     1     0.
      ELEM   846   445  452  429    0     1     0.
      ELEM   847   445  429  421    0     1     0.
      ELEM   848   452  460  438    0     1     0.
      ELEM   849   452  438  429    0     1     0.
      ELEM   850   460  471  447    0     1     0.
      ELEM   851   460  447  438    0     1     0.
      ELEM   852   471  477  455    0     1     0.
      ELEM   853   471  455  447    0     1     0.
      ELEM   854   477  483  459    0     1     0.
      ELEM   855   477  459  455    0     1     0.
      ELEM   856   483  492  469    0     1     0.
      ELEM   857   483  469  459    0     1     0.
      ELEM   858   492  494  475    0     1     0.
      ELEM   859   492  475  469    0     1     0.
      ELEM   860   475  494  479    0     1     0.
      ELEM   861   479  494  496    0     1     0.
      ELEM   862   479  496  481    0     1     0.
      ELEM   863   481  496  497    0     1     0.
      ELEM   864   481  497  485    0     1     0.
      ELEM   865   485  499  487    0     1     0.
      ELEM   866   497  499  485    0     1     0.
      ELEM   867   501  503  489    0     1     0.
      ELEM   868   489  503  490    0     1     0.
      ELEM   869   503  504  490    0     1     0.
      ELEM   870   490  504  488    0     1     0.
      ELEM   871   504  502  488    0     1     0.
      ELEM   872   488  502  486    0     1     0.
      ELEM   873   502  500  486    0     1     0.
      ELEM   874   486  500  482    0     1     0.
      ELEM   875   500  498  482    0     1     0.
      ELEM   876   482  498  480    0     1     0.
      ELEM   877   498  495  480    0     1     0.
      ELEM   878   480  495  493    0     1     0.
      ELEM   879   493  491  476    0     1     0.
      ELEM   880   493  476  480    0     1     0.
      ELEM   881   491  484  474    0     1     0.
      ELEM   882   491  474  476    0     1     0.
      ELEM   883   484  478  466    0     1     0.
      ELEM   884   484  466  474    0     1     0.
      ELEM   885   478  472  456    0     1     0.
      ELEM   886   478  456  466    0     1     0.
      ELEM   887   472  461  450    0     1     0.
      ELEM   888   472  450  456    0     1     0.
      ELEM   889   461  453  442    0     1     0.
      ELEM   890   461  442  450    0     1     0.
      ELEM   891   453  446  431    0     1     0.
      ELEM   892   453  431  442    0     1     0.
      ELEM   893   431  446  425    0     1     0.
      ELEM   894   425  446  434    0     1     0.
      ELEM   895   425  434  418    0     1     0.
      ELEM   896   418  434  424    0     1     0.
      ELEM   897   418  424  408    0     1     0.
      ELEM   898   408  415  394    0     1     0.
      ELEM   899   424  415  408    0     1     0.
      ELEM   900   405  392  384    0     1     0.
      ELEM   901   384  392  368    0     1     0.
      ELEM   902   392  382  368    0     1     0.
      ELEM   903   368  382  357    0     1     0.
      ELEM   904   382  365  357    0     1     0.
      ELEM   905   357  365  343    0     1     0.
      ELEM   906   365  353  343    0     1     0.
      ELEM   907   343  353  327    0     1     0.
      ELEM   908   353  339  327    0     1     0.
      ELEM   909   327  339  311    0     1     0.
      ELEM   910   384  394  405    0     1     0.
      ELEM   911   405  394  415    0     1     0.
      ELEM   912   489  487  501    0     1     0.
      ELEM   913   501  487  499    0     1     0.
      ELEM   914    71   59   64    0     1     0.
      ELEM   915    64   59   56    0     1     0.
      ELEM   916    79   95   93    0     1     0.
      ELEM   917    93   95  109    0     1     0.
  SYMMETRY
   END_SYM
 PRECISION     1.E-3
 MATERIALS
STEELEC3
          2.1e11 0.3 2.45e8 1200. 0.
SILCONC_EN
          0.3 +3.0e7 +3.0e6 0.0
IMPRESSION
 TIMEPRINT 
        60        300
END_TIMEPR
